2.0,35.0,63.57143,0.2857143,0.0
4.0,41.0,49.26829,0.5365854,0.0
6.0,42.0,42.238094,0.5714286,0.0
8.0,42.0,36.238094,0.5714286,0.0
10.0,42.0,30.238094,0.5714286,0.0
12.0,42.0,24.238094,0.5714286,0.0
13.0,42.0,21.809525,0.5714286,0.0
13.0,36.0,28.527779,0.6666667,4.8333335
14.0,32.0,31.40625,0.75,5.7
16.0,21.0,43.761906,0.0952381,7.428571
17.0,21.0,44.904762,0.0952381,7.428571
18.0,21.0,46.04762,0.0952381,7.428571
19.0,22.0,45.045456,0.18181819,7.428571
20.0,23.0,43.869564,0.26086956,7.428571
21.0,9.0,129.0,0.6666667,10.057143
23.0,9.0,123.0,0.6666667,10.057143
25.0,9.0,117.0,0.6666667,10.057143
26.0,10.0,100.0,0.8,10.057143
27.0,11.0,85.454544,0.90909094,10.057143
28.0,12.0,72.833336,1.0,10.057143
29.0,13.0,61.76923,1.0769231,10.057143
30.0,13.0,56.307693,1.2307693,9.972222
30.0,12.0,67.583336,1.25,9.945946
31.0,12.0,61.583332,1.25,9.945946
32.0,12.0,55.583332,1.25,9.945946
33.0,12.0,49.583332,1.25,9.945946
34.0,11.0,48.18182,1.3636364,9.789474
35.0,10.0,47.1,1.5,9.692307
37.0,7.0,61.857143,1.2857143,10.547619
38.0,10.0,78.1,0.6,10.931818
39.0,10.0,72.1,0.6,10.931818
39.0,10.0,81.1,0.6,10.931818
39.0,9.0,100.77778,0.22222222,11.355556
40.0,8.0,108.0,0.25,11.804348
41.0,8.0,102.0,0.25,11.804348
42.0,8.0,96.0,0.25,11.804348
43.0,8.0,90.0,0.25,11.804348
44.0,8.0,84.0,0.25,11.804348
45.0,8.0,96.75,0.25,11.804348
45.0,8.0,109.5,0.25,11.804348
46.0,8.0,103.5,0.25,11.804348
47.0,8.0,97.5,0.25,11.804348
48.0,8.0,91.5,0.25,11.804348
49.0,9.0,121.55556,0.22222222,11.98
50.0,9.0,115.55556,0.22222222,11.98
52.0,10.0,98.6,0.4,11.98
53.0,11.0,97.818184,0.54545456,11.98
53.0,11.0,105.454544,0.54545456,11.98
54.0,11.0,99.454544,0.54545456,11.98
54.0,11.0,107.09091,0.54545456,11.98
55.0,11.0,101.09091,0.54545456,11.98
54.0,11.0,122.36364,0.54545456,11.98
55.0,11.0,130.0,0.54545456,11.98
56.0,9.0,170.55556,0.5555556,11.769231
57.0,8.0,204.75,0.5,11.754717
57.0,8.0,217.5,0.5,11.754717
58.0,8.0,211.5,0.5,11.754717
59.0,7.0,236.28572,0.5714286,11.796296
59.0,7.0,251.71428,0.5714286,11.796296
60.0,7.0,245.71428,0.5714286,11.796296
61.0,7.0,239.71428,0.5714286,11.796296
60.0,7.0,276.57144,0.5714286,11.796296
62.0,7.0,270.57144,0.5714286,11.796296
62.0,7.0,286.0,0.5714286,11.796296
63.0,6.0,328.33334,0.6666667,12.745455
64.0,6.0,322.33334,0.6666667,12.745455
65.0,6.0,316.33334,0.6666667,12.745455
66.0,6.0,310.33334,0.6666667,12.745455
67.0,6.0,304.33334,0.6666667,12.745455
68.0,6.0,298.33334,0.6666667,12.745455
69.0,6.0,292.33334,0.6666667,12.745455
70.0,6.0,286.33334,0.6666667,12.745455
71.0,6.0,280.33334,0.6666667,12.745455
73.0,6.0,274.33334,0.6666667,12.745455
73.0,6.0,293.33334,0.6666667,12.745455
73.0,6.0,312.33334,0.6666667,12.745455
73.0,6.0,331.33334,0.6666667,12.745455
74.0,6.0,325.33334,0.6666667,12.745455
75.0,6.0,319.33334,0.6666667,12.745455
76.0,6.0,313.33334,0.6666667,12.745455
77.0,6.0,307.33334,0.6666667,12.745455
78.0,6.0,301.33334,0.6666667,12.745455
78.0,10.0,245.2,0.4,13.214286
77.0,10.0,269.2,0.4,13.214286
77.0,11.0,253.0,0.54545456,13.214286
78.0,12.0,226.41667,0.6666667,13.214286
79.0,12.0,232.91667,0.6666667,13.214286
80.0,12.0,239.41667,0.6666667,13.214286
79.0,12.0,258.41666,0.6666667,13.214286
79.0,12.0,264.91666,0.6666667,13.214286
81.0,12.0,258.91666,0.6666667,13.214286
81.0,11.0,290.54544,0.72727275,13.087719
82.0,10.0,314.1,0.6,13.034483
82.0,10.0,323.1,0.6,13.034483
83.0,10.0,317.1,0.6,13.034483
83.0,10.0,326.1,0.6,13.034483
83.0,8.0,421.375,0.75,13.066667
84.0,8.0,415.375,0.75,13.066667
85.0,8.0,409.375,0.75,13.066667
87.0,8.0,403.375,0.75,13.066667
88.0,8.0,397.375,0.75,13.066667
88.0,8.0,410.125,0.75,13.066667
90.0,8.0,404.125,0.75,13.066667
90.0,8.0,416.875,0.75,13.066667
91.0,8.0,410.875,0.75,13.066667
91.0,8.0,423.625,0.75,13.066667
91.0,8.0,455.125,0.75,13.066667
90.0,8.0,486.625,0.75,13.066667
90.0,8.0,518.125,0.75,13.066667
90.0,8.0,530.875,0.75,13.066667
91.0,8.0,524.875,0.75,13.066667
93.0,8.0,518.875,0.75,13.066667
92.0,8.0,531.625,0.75,13.066667
92.0,8.0,525.625,0.75,13.066667
94.0,8.0,519.625,0.75,13.066667
93.0,8.0,551.125,0.75,13.066667
92.0,8.0,563.875,0.75,13.066667
92.0,8.0,557.875,0.75,13.066667
92.0,8.0,551.875,0.75,13.066667
93.0,8.0,545.875,0.75,13.066667
93.0,8.0,577.375,0.75,13.066667
93.0,8.0,590.125,0.75,13.066667
93.0,8.0,602.875,0.75,13.066667
93.0,8.0,615.625,0.75,13.066667
92.0,8.0,628.375,0.75,13.066667
92.0,8.0,622.375,0.75,13.066667
93.0,8.0,616.375,0.75,13.066667
93.0,8.0,629.125,0.75,13.066667
92.0,8.0,660.625,0.75,13.066667
91.0,8.0,692.125,0.75,13.066667
92.0,8.0,686.125,0.75,13.066667
93.0,8.0,680.125,0.75,13.066667
92.0,8.0,711.625,0.75,13.066667
91.0,8.0,743.125,0.75,13.066667
92.0,8.0,737.125,0.75,13.066667
92.0,8.0,749.875,0.75,13.066667
93.0,8.0,743.875,0.75,13.066667
94.0,8.0,756.625,0.75,13.066667
94.0,9.0,700.55554,0.8888889,13.066667
93.0,10.0,640.1,1.0,13.066667
94.0,10.0,635.2,1.2,13.737705
95.0,11.0,572.0,1.2727273,13.737705
95.0,13.0,502.07693,1.3846154,13.737705
93.0,16.0,440.6875,1.5,13.737705
92.0,19.0,374.10526,1.5789474,13.737705
92.0,22.0,318.0,1.6363636,13.737705
92.0,25.0,280.64,1.68,13.737705
90.0,29.0,247.13792,1.7241379,13.737705
90.0,34.0,210.14706,1.7647059,13.737705
88.0,39.0,189.58974,1.7948718,13.737705
87.0,46.0,158.97826,1.826087,13.737705
85.0,51.0,143.92157,1.8431373,13.737705
83.0,57.0,128.7193,1.8596492,13.737705
84.0,63.0,111.06349,1.8730159,13.737705
78.0,70.0,109.6,1.8857143,13.737705
74.0,76.0,105.39474,1.9210526,13.580646
73.0,82.0,95.96342,1.9512196,13.444445
70.0,80.0,100.1875,2.0,13.205882
67.0,81.0,98.79012,1.9753087,13.1285715
67.0,80.0,96.3,2.0125,12.945946
66.0,82.0,91.97561,2.0609756,12.75
65.0,82.0,90.10976,2.1463416,12.419753
64.0,79.0,92.11392,2.3164556,12.0
62.0,75.0,97.68,2.2533333,13.222222
62.0,71.0,102.014084,2.1267605,14.317757
61.0,70.0,102.3,2.1571429,14.180181
57.0,72.0,104.15278,2.1666667,14.125
59.0,71.0,100.26761,2.0704226,14.102564
59.0,70.0,100.57143,2.0857143,14.098361
60.0,71.0,95.76057,2.1126761,13.928
59.0,65.0,106.15385,2.2,13.582089
57.0,62.0,113.29032,2.3064516,13.432624
58.0,67.0,101.70149,2.2537313,13.478873
58.0,71.0,92.56338,2.2676055,13.41958
58.0,69.0,93.884056,2.173913,13.5986395
59.0,67.0,93.22388,2.0298507,14.423841
61.0,64.0,91.859375,2.15625,14.283871
61.0,62.0,94.1129,2.2258065,14.3375
62.0,58.0,97.56896,2.275862,14.20482
58.0,56.0,111.69643,2.2857144,14.274854
58.0,50.0,125.76,2.42,14.05
58.0,50.0,126.4,2.4,14.016304
59.0,52.0,118.84615,2.3461537,14.113514
56.0,51.0,130.45097,2.372549,14.05291
57.0,54.0,120.35185,2.351852,14.05291
57.0,54.0,120.388885,2.2777777,13.994792
56.0,52.0,128.1923,2.2692308,14.020409
56.0,52.0,128.5,2.3846154,13.934673
53.0,55.0,126.74545,2.3636363,13.934673
52.0,54.0,129.11111,2.5,13.812808
52.0,55.0,126.67273,2.5272727,13.868293
53.0,58.0,114.62069,2.5,13.917476
53.0,58.0,111.67242,2.5517242,13.947369
51.0,57.0,118.36842,2.631579,13.881516
51.0,53.0,127.396225,2.3962264,14.626728
49.0,54.0,130.57408,2.4444444,14.598173
49.0,54.0,130.92592,2.5185184,14.571428
50.0,53.0,130.86792,2.3396227,14.802631
49.0,51.0,136.41176,2.4705882,14.706897
51.0,51.0,130.7255,2.509804,14.649572
50.0,51.0,133.94118,2.3921568,15.415255
51.0,51.0,131.23529,2.4117646,15.3529415
50.0,52.0,131.84616,2.4423077,15.295834
50.0,51.0,134.92157,2.5490196,15.159836
51.0,48.0,141.39583,2.7083333,15.139442
48.0,51.0,139.33333,2.6666667,15.115079
48.0,55.0,129.29091,2.6545455,15.193676
50.0,58.0,117.086205,2.6551723,15.153543
51.0,60.0,110.2,2.65,15.128906
48.0,63.0,108.87302,2.6507936,15.085603
47.0,66.0,102.757576,2.621212,15.085603
46.0,67.0,102.38806,2.686567,14.973077
46.0,66.0,103.01515,2.7575758,14.875472
46.0,69.0,95.23189,2.7536232,14.827715
45.0,72.0,90.111115,2.7083333,14.881481
44.0,72.0,90.77778,2.7638888,14.820513
43.0,68.0,97.5,2.6029413,15.099644
41.0,72.0,94.94444,2.5972223,15.063829
40.0,78.0,88.0,2.5384614,15.045937
40.0,79.0,83.32912,2.4683545,15.108014
39.0,79.0,83.582275,2.4050634,15.424658
39.0,75.0,86.746666,2.24,15.7607975
37.0,75.0,89.0,2.28,15.716171
36.0,71.0,92.69014,2.309859,15.653722
37.0,71.0,89.14085,2.309859,15.63782
35.0,76.0,85.67105,2.2894738,15.616613
35.0,78.0,81.96154,2.2692308,15.615142
32.0,76.0,88.93421,2.381579,15.422018
33.0,78.0,83.166664,2.4358974,15.329305
32.0,73.0,89.89041,2.5342467,15.210526
31.0,77.0,85.402596,2.5064936,15.210526
31.0,78.0,82.47436,2.4615386,15.377907
32.0,79.0,77.67088,2.443038,15.361272
28.0,79.0,83.29114,2.493671,15.298851
26.0,75.0,90.066666,2.6266668,15.228813
25.0,72.0,94.361115,2.5416667,15.256268
26.0,68.0,96.79412,2.5294118,15.286103
27.0,66.0,96.621216,2.4242425,15.319035
26.0,66.0,98.15151,2.5454545,15.224868
28.0,66.0,92.530304,2.5454545,15.265092
30.0,68.0,84.22059,2.5441177,15.245431
30.0,67.0,84.70149,2.5671642,15.195373
30.0,66.0,85.030304,2.560606,15.236641
28.0,68.0,85.54412,2.5441177,15.236641
28.0,66.0,87.34849,2.6515152,15.142858
29.0,64.0,86.828125,2.71875,15.113861
29.0,62.0,86.451614,2.7258065,15.22304
29.0,60.0,88.51667,2.85,15.158151
29.0,58.0,91.18965,2.9482758,15.125301
29.0,55.0,96.145454,2.8727272,15.233334
27.0,52.0,107.71154,3.0384614,15.1388235
23.0,50.0,124.64,3.02,15.188372
21.0,53.0,123.396225,3.0,15.174014
23.0,54.0,115.611115,2.9629629,15.235566
24.0,55.0,110.56364,2.9636364,15.223502
22.0,55.0,115.98182,2.9636364,15.263158
23.0,58.0,107.05173,2.9310346,15.251142
24.0,61.0,98.85246,2.918033,15.236363
24.0,62.0,94.17742,2.983871,15.223476
26.0,63.0,87.15873,2.6984127,15.497758
22.0,62.0,97.258064,2.7741935,15.462053
23.0,62.0,91.72581,2.887097,15.438053
22.0,64.0,90.390625,2.8125,15.477974
21.0,61.0,96.7541,2.9016395,15.432609
22.0,59.0,96.932205,2.559322,15.599138
23.0,57.0,97.38596,2.4385965,15.782051
25.0,53.0,99.26415,2.6037736,15.675105
26.0,49.0,104.81633,2.6530612,15.63048
27.0,46.0,109.23913,2.7608695,15.681159
28.0,46.0,106.804344,2.826087,15.6515465
29.0,45.0,103.55556,2.8888888,15.602459
30.0,45.0,97.95556,2.9333334,15.573469
32.0,37.0,113.810814,2.8108108,15.8795185
33.0,36.0,115.44444,2.75,15.888
35.0,35.0,113.057144,2.5142858,15.934263
36.0,35.0,111.34286,2.5142858,15.934263
37.0,38.0,101.0,2.4736843,15.934263
37.0,38.0,103.39474,2.5789473,15.896826
38.0,35.0,111.6,2.7428572,15.886274
40.0,33.0,112.878784,2.8181818,15.937743
41.0,35.0,105.08572,2.7714286,15.937743
42.0,33.0,105.878784,2.6363637,15.984526
38.0,33.0,122.606064,2.6363637,15.984526
40.0,31.0,124.80645,2.6451614,16.04817
38.0,32.0,133.84375,2.625,16.04817
38.0,30.0,142.26666,2.7,16.028736
38.0,29.0,146.34483,2.7931035,16.005735
38.0,28.0,156.57143,2.75,16.001905
38.0,26.0,174.8077,2.9615386,15.958333
37.0,25.0,194.32,3.04,15.969811
39.0,26.0,181.5,2.7692308,16.009417
41.0,27.0,169.62962,2.2962964,16.36773
43.0,28.0,157.78572,2.2857144,16.36773
44.0,30.0,146.7,2.2666667,16.36773
45.0,32.0,136.625,2.25,16.36773
46.0,33.0,126.90909,2.2424242,16.428839
46.0,33.0,125.757576,2.3030303,16.405607
46.0,35.0,121.48572,2.2857144,16.405607
45.0,31.0,141.80646,2.516129,16.312384
42.0,31.0,155.35484,2.548387,16.300737
41.0,32.0,154.09375,2.53125,16.300737
42.0,32.0,153.15625,2.59375,16.279926
42.0,31.0,157.35484,2.548387,16.31743
43.0,29.0,167.86208,2.4827585,16.332117
44.0,28.0,173.28572,2.5714285,16.311476
45.0,27.0,173.74074,2.6666667,16.294546
43.0,27.0,184.40741,2.6666667,16.294546
44.0,24.0,208.20833,2.375,16.481012
43.0,22.0,241.77272,2.590909,16.437838
44.0,22.0,242.59091,2.590909,16.437838
44.0,19.0,291.21054,2.6842105,16.400715
46.0,20.0,270.95,2.65,16.400715
46.0,21.0,266.61905,2.6190476,16.400715
46.0,23.0,244.47826,2.5652175,16.400715
47.0,25.0,219.4,2.52,16.400715
47.0,27.0,203.14815,2.4814816,16.400715
47.0,29.0,193.96552,2.4482758,16.400715
46.0,33.0,178.93939,2.3939395,16.400715
46.0,37.0,162.37837,2.3513513,16.400715
46.0,40.0,148.4,2.325,16.400715
47.0,43.0,135.95349,2.3023255,16.400715
47.0,44.0,134.04546,2.340909,16.4125
49.0,47.0,119.914894,2.319149,16.4125
50.0,49.0,112.69388,2.3877552,16.41815
49.0,52.0,106.53846,2.4038463,16.399645
48.0,52.0,107.05769,2.4423077,16.342152
50.0,55.0,95.70909,2.4545455,16.325705
47.0,54.0,102.77778,2.2037036,16.392982
48.0,52.0,103.98077,2.0576923,16.511343
49.0,53.0,99.09434,2.0943396,16.50697
48.0,56.0,96.16071,2.0892856,16.50697
47.0,53.0,104.66038,2.3207548,16.393103
48.0,50.0,108.38,2.5,16.321918
49.0,47.0,113.106384,2.5106382,16.388136
51.0,42.0,121.52381,2.0714285,16.63378
49.0,44.0,120.5,2.0681818,16.63378
51.0,41.0,123.51219,2.2195122,16.575706
49.0,41.0,132.36586,2.2682927,16.561462
50.0,38.0,141.55263,2.1052632,16.757826
49.0,39.0,143.64102,2.102564,16.757826
48.0,40.0,145.725,2.15,16.738487
47.0,40.0,151.4,2.225,16.708197
47.0,41.0,149.43903,2.2682927,16.690672
48.0,40.0,151.325,2.35,16.653095
49.0,40.0,149.65,2.275,16.662338
48.0,39.0,159.28206,2.3333333,16.645632
50.0,40.0,149.45,2.325,16.645632
51.0,40.0,147.575,2.4,16.612904
52.0,41.0,142.21951,2.390244,16.620579
51.0,42.0,144.14285,2.1904762,16.791666
50.0,41.0,149.43903,2.097561,16.794258
52.0,44.0,133.72728,2.090909,16.794258
51.0,46.0,131.95653,2.0869565,16.794258
48.0,49.0,133.55103,2.0816326,16.794258
50.0,50.0,125.36,2.08,16.81081
49.0,50.0,125.54,2.12,16.793652
48.0,48.0,131.10417,2.0833333,16.77848
48.0,47.0,134.46808,2.1702127,16.742903
47.0,47.0,135.06383,2.1489363,16.776379
48.0,44.0,142.04546,1.9090909,17.023474
46.0,40.0,165.725,1.875,17.0
44.0,41.0,170.7317,1.9268292,16.984497
45.0,37.0,188.05405,1.8108108,17.052227
45.0,37.0,190.32433,1.8108108,17.047546
43.0,39.0,186.4359,1.8205128,17.047546
43.0,43.0,167.1628,1.8372093,17.047546
43.0,45.0,160.95555,1.8666667,17.038284
41.0,48.0,154.64583,1.875,17.038284
42.0,50.0,146.12,1.96,17.003054
43.0,53.0,135.24529,2.0,16.989328
41.0,54.0,138.09259,2.0,16.981735
40.0,55.0,138.05455,1.9454546,17.00152
39.0,55.0,140.6,1.9636364,17.004545
39.0,57.0,135.4386,2.0,17.016617
38.0,57.0,137.82455,2.1052632,16.962406
39.0,55.0,140.05455,2.1090908,16.923882
37.0,54.0,148.64815,2.1666667,16.881657
37.0,59.0,135.66101,2.1525424,16.881657
34.0,61.0,138.39345,2.0655737,17.144117
33.0,61.0,139.96721,2.0983605,17.136564
33.0,61.0,139.2295,2.147541,17.114202
33.0,61.0,138.45901,2.0491803,17.166424
29.0,64.0,140.32812,2.046875,17.166424
29.0,67.0,132.94029,2.074627,17.14723
29.0,67.0,129.67165,2.1492538,17.110146
30.0,64.0,132.89062,1.953125,17.090258
31.0,65.0,128.24615,2.0923078,17.08085
28.0,71.0,120.46479,1.9859155,17.131727
25.0,75.0,116.386665,1.9866667,17.131727
25.0,80.0,107.4,2.0,17.123055
24.0,81.0,104.14815,2.074074,17.07183
23.0,79.0,104.72152,2.1265824,17.03366
20.0,75.0,112.58667,2.0,17.075209
19.0,70.0,121.51428,2.1714287,16.976551
20.0,69.0,119.91304,2.2463768,16.913698
21.0,67.0,120.16418,2.238806,16.87483
21.0,65.0,123.01538,2.2923076,16.816463
23.0,64.0,119.5625,2.375,16.782843
23.0,62.0,120.29032,2.435484,16.731026
23.0,61.0,118.88525,2.5081968,16.69854
22.0,60.0,122.51667,2.5833333,16.67682
24.0,54.0,130.5,2.6666667,16.744095
24.0,52.0,135.51923,2.6538463,16.743792
24.0,55.0,127.90909,2.6181817,16.743792
24.0,52.0,135.4423,2.7115386,16.73896
24.0,47.0,150.74467,2.893617,16.684278
26.0,44.0,155.45454,3.0227273,16.646154
26.0,43.0,160.65117,2.7441862,16.693878
26.0,46.0,151.13043,2.6956522,16.693878
25.0,49.0,145.61224,2.6122448,16.763058
24.0,49.0,149.10204,2.6530612,16.762388
23.0,50.0,149.86,2.7,16.73038
25.0,56.0,128.66072,2.642857,16.72187
25.0,61.0,117.55738,2.590164,16.72187
26.0,66.0,105.56061,2.5151515,16.751263
28.0,70.0,94.07143,2.4571428,16.779596
27.0,72.0,92.236115,2.2777777,16.917189
26.0,71.0,94.14085,2.366197,16.8725
26.0,72.0,91.5,2.4305556,16.835617
28.0,68.0,91.661766,2.3235295,16.890259
24.0,71.0,94.85915,2.2816901,16.889162
25.0,72.0,90.09722,2.3472223,16.855215
25.0,74.0,86.25676,2.4054055,16.816626
26.0,76.0,80.4079,2.4605262,16.817295
26.0,74.0,81.297295,2.4864864,16.795895
26.0,73.0,81.0274,2.4383562,16.978392
26.0,72.0,80.68056,2.4861112,16.982079
26.0,73.0,75.9315,2.4246576,17.027414
28.0,72.0,71.638885,2.4444444,17.095972
26.0,67.0,78.13433,2.3731344,17.125734
26.0,63.0,82.44444,2.4285715,17.067598
25.0,63.0,84.190475,2.3968253,17.061485
25.0,62.0,85.08064,2.419355,17.023067
26.0,65.0,78.10769,2.4307692,17.006905
26.0,63.0,80.09524,2.5238094,17.067429
27.0,64.0,75.421875,2.53125,17.055937
28.0,60.0,77.4,2.65,17.012472
30.0,58.0,74.43104,2.5517242,17.07562
30.0,57.0,75.333336,2.2982457,17.193476
30.0,57.0,72.12281,2.2807016,17.189888
32.0,49.0,78.57143,2.4489796,17.172413
30.0,47.0,85.510635,2.531915,17.146503
30.0,38.0,108.42105,2.6842105,17.132967
31.0,35.0,112.11429,2.8857143,17.097374
32.0,32.0,121.9375,2.71875,17.262527
33.0,28.0,133.96428,3.0,17.217768
33.0,26.0,150.26923,3.1923077,17.190065
34.0,27.0,144.88889,2.851852,17.207119
35.0,29.0,134.51724,2.7931035,17.207119
35.0,31.0,129.90323,2.7419355,17.207119
36.0,31.0,129.58064,2.7419355,17.235483
37.0,33.0,120.666664,2.6969697,17.235483
36.0,37.0,114.45946,2.6216216,17.235483
37.0,40.0,100.35,2.575,17.235483
36.0,43.0,98.25581,2.5348837,17.235483
35.0,47.0,90.85107,2.4893618,17.235483
34.0,51.0,84.09804,2.4509804,17.235483
35.0,53.0,78.169815,2.471698,17.22449
37.0,50.0,77.36,2.42,17.423077
36.0,47.0,86.21277,2.1702127,17.565958
38.0,44.0,86.13636,2.25,17.566278
38.0,43.0,89.18604,2.2093024,17.572035
40.0,42.0,85.38095,2.2380953,17.564022
39.0,38.0,96.552635,2.4736843,17.506315
38.0,33.0,119.393936,2.7575758,17.448744
38.0,30.0,130.93333,2.6666667,17.448957
40.0,28.0,134.78572,2.5714285,17.479752
42.0,27.0,134.37038,2.0370371,17.567287
42.0,28.0,129.5,2.107143,17.557394
43.0,29.0,124.75862,2.137931,17.554752
42.0,31.0,125.645164,2.1290324,17.554752
43.0,33.0,116.969696,2.121212,17.554752
45.0,35.0,104.85714,2.1142857,17.560371
41.0,38.0,110.789474,2.1052632,17.560371
41.0,36.0,115.166664,1.8055556,17.630278
41.0,36.0,117.75,1.8611112,17.617285
41.0,35.0,119.6,1.8571428,17.617043
40.0,35.0,126.71429,1.5714285,17.678974
38.0,32.0,151.65625,1.6875,17.653728
39.0,33.0,146.09091,1.7575758,17.640816
38.0,34.0,149.64706,1.7058823,17.638493
39.0,33.0,153.63637,1.7272727,17.614605
37.0,35.0,156.62857,1.6571429,17.611956
37.0,39.0,142.92308,1.6923077,17.611956
39.0,43.0,124.18604,1.7209302,17.611956
38.0,47.0,114.53191,1.7446809,17.611956
36.0,48.0,115.875,1.7291666,17.621458
37.0,47.0,112.702126,1.7872341,17.59334
38.0,48.0,107.854164,1.8333334,17.58367
39.0,49.0,102.85714,1.8367347,17.58367
41.0,52.0,91.30769,1.8461539,17.58367
40.0,52.0,91.34615,1.9230769,17.55835
41.0,52.0,85.71154,1.8269231,17.586346
40.0,46.0,101.26087,2.0217392,17.616152
42.0,45.0,97.977776,2.0,17.66501
43.0,43.0,100.976746,2.0697675,17.615612
44.0,43.0,99.093025,2.1860466,17.609852
45.0,46.0,90.478264,2.173913,17.601377
43.0,45.0,100.22222,2.1555555,17.595682
45.0,42.0,101.666664,2.0714285,17.605083
44.0,41.0,105.51219,2.121951,17.598633
45.0,41.0,99.51219,2.121951,17.598633
46.0,40.0,99.75,2.175,17.585365
43.0,37.0,122.24324,2.3513513,17.550583
44.0,32.0,140.8125,2.46875,17.537718
46.0,26.0,168.53847,2.3076923,17.536983
46.0,22.0,207.95454,2.409091,17.51385
45.0,23.0,212.73914,2.3913043,17.51385
47.0,24.0,198.16667,2.375,17.51385
49.0,25.0,184.48,2.36,17.51385
47.0,26.0,188.92308,2.3461537,17.51385
48.0,27.0,181.74074,2.3333333,17.51385
48.0,28.0,180.64285,2.4285715,17.510963
48.0,30.0,168.26666,2.4333334,17.501905
48.0,32.0,157.125,2.34375,17.52902
48.0,36.0,142.69444,2.3055556,17.52902
49.0,39.0,130.05128,2.2820513,17.52902
49.0,41.0,125.63415,2.0487804,17.610266
47.0,43.0,128.04651,2.0465117,17.610266
47.0,46.0,120.608696,2.0434783,17.610266
45.0,49.0,116.79592,2.0408163,17.610266
44.0,51.0,112.35294,2.0392158,17.610266
44.0,49.0,114.408165,2.1632652,17.569128
42.0,44.0,131.97728,2.3181818,17.520716
44.0,43.0,129.55814,2.3953488,17.528639
43.0,41.0,137.85365,2.1463416,17.6174
42.0,41.0,139.36586,2.195122,17.605608
41.0,39.0,148.38461,2.3076923,17.583023
42.0,36.0,155.25,2.3888888,17.567844
42.0,35.0,162.91429,2.3142858,17.56812
41.0,37.0,156.72974,2.2972972,17.562963
40.0,39.0,155.02563,2.3846154,17.545286
39.0,39.0,157.25641,2.5128205,17.529032
37.0,43.0,151.13954,2.4651163,17.529032
38.0,45.0,142.42223,2.4666667,17.515179
40.0,49.0,125.4898,2.4081633,17.511948
39.0,51.0,123.960785,2.4509804,17.491743
39.0,53.0,119.396225,2.471698,17.480293
40.0,55.0,112.218185,2.4727273,17.470695
39.0,57.0,110.5614,2.4561403,17.472095
38.0,58.0,110.793106,2.4655173,17.471233
38.0,57.0,112.82456,2.5789473,17.442728
37.0,54.0,122.03704,2.7777777,17.388788
39.0,53.0,118.886795,2.8113208,17.364864
36.0,55.0,122.58182,2.8,17.355536
37.0,52.0,127.21154,2.8846154,17.329454
38.0,55.0,118.05454,2.8,17.371098
38.0,56.0,116.05357,2.9107144,17.330667
38.0,60.0,107.88333,2.8666666,17.321491
36.0,64.0,102.78125,2.828125,17.314108
37.0,71.0,89.53521,2.7605634,17.30851
36.0,72.0,86.986115,2.7777777,17.282686
36.0,73.0,84.561646,2.7534246,17.262972
35.0,73.0,85.26028,2.7945206,17.22592
33.0,75.0,85.46667,2.7733333,17.209606
33.0,78.0,80.5,2.7692308,17.192677
32.0,78.0,80.60256,2.7948718,17.169565
30.0,78.0,82.551285,2.8333333,17.14831
31.0,74.0,83.36487,2.945946,17.120035
32.0,73.0,80.79452,3.0,17.102497
31.0,70.0,85.171425,3.057143,17.062553
30.0,66.0,91.606064,3.2878788,17.00426
32.0,58.0,99.13793,2.9827585,17.103798
32.0,54.0,106.85185,3.2037036,17.053692
31.0,50.0,118.9,3.32,17.02172
29.0,47.0,130.51064,3.4255319,17.007488
30.0,47.0,128.02127,3.2765958,17.05814
29.0,49.0,123.20408,3.2244897,17.05814
28.0,48.0,129.375,3.1666667,17.130182
28.0,45.0,135.6,3.3555555,17.105785
30.0,45.0,130.06667,3.088889,17.169968
31.0,45.0,127.666664,3.1333334,17.161583
30.0,44.0,131.90909,3.2272727,17.141447
29.0,41.0,143.19513,3.3658535,17.131147
30.0,41.0,141.43903,3.4390244,17.115385
31.0,41.0,139.41463,3.487805,17.121733
33.0,42.0,130.69048,3.4285715,17.120718
33.0,40.0,139.125,3.35,17.108944
32.0,40.0,144.825,3.25,17.10633
33.0,39.0,146.74359,3.3589745,17.090761
35.0,40.0,137.225,3.325,17.090761
33.0,41.0,142.65854,3.292683,17.090761
35.0,41.0,137.14635,2.9756098,17.178802
37.0,40.0,134.875,3.1,17.169628
37.0,40.0,136.6,3.15,17.159807
38.0,36.0,150.41667,3.25,17.17926
38.0,36.0,153.16667,3.2777777,17.169342
38.0,35.0,160.31429,3.4285715,17.149038
38.0,34.0,168.23529,3.3529413,17.1672
37.0,33.0,176.69698,3.2424242,17.179712
37.0,31.0,187.45161,3.387097,17.165737
37.0,31.0,191.35484,3.451613,17.156052
38.0,30.0,191.96666,3.6,17.1407
39.0,31.0,179.96774,3.548387,17.1407
39.0,31.0,179.12903,3.387097,17.173948
39.0,32.0,172.65625,3.125,17.204762
41.0,34.0,157.08824,3.1176472,17.195877
41.0,34.0,160.52942,2.735294,17.320412
39.0,37.0,158.48648,2.7027028,17.314625
40.0,41.0,141.31708,2.6341465,17.314625
40.0,45.0,130.04445,2.5777779,17.314625
37.0,49.0,126.20408,2.5306122,17.314625
38.0,53.0,111.18868,2.490566,17.314625
37.0,53.0,110.84906,2.490566,17.314625
38.0,53.0,105.113205,2.54717,17.299921
38.0,54.0,103.203705,2.5925925,17.285263
38.0,55.0,98.67273,2.5636363,17.268867
37.0,56.0,99.19643,2.5357144,17.262373
34.0,55.0,109.05454,2.6181817,17.239813
33.0,52.0,118.57692,2.7692308,17.197348
34.0,52.0,116.19231,2.4807692,17.231726
33.0,52.0,116.69231,2.5,17.220156
33.0,55.0,110.12727,2.4727273,17.220156
31.0,55.0,112.41818,2.4727273,17.225407
33.0,53.0,110.92453,2.5849056,17.202473
32.0,54.0,108.55556,2.574074,17.202473
33.0,55.0,100.818184,2.581818,17.19691
35.0,56.0,93.875,2.642857,17.180138
35.0,56.0,93.75,2.732143,17.195084
34.0,53.0,99.26415,2.6226416,17.294567
35.0,48.0,107.270836,2.875,17.25438
35.0,46.0,109.73913,2.847826,17.28322
36.0,49.0,100.4898,2.7959185,17.28322
35.0,52.0,97.90385,2.7884614,17.2739
35.0,51.0,97.27451,2.5686274,17.335352
36.0,48.0,101.125,2.625,17.355957
36.0,46.0,106.934784,2.8043478,17.315315
38.0,46.0,101.71739,2.6304348,17.364996
40.0,46.0,96.21739,2.0652175,17.569403
40.0,47.0,91.893616,2.0851064,17.564083
41.0,46.0,92.0,2.1956522,17.529324
41.0,50.0,82.16,2.18,17.529324
41.0,50.0,82.48,2.14,17.58043
41.0,51.0,81.17647,2.1960785,17.564026
42.0,51.0,75.4902,2.0980392,17.626017
43.0,50.0,74.2,2.12,17.612547
43.0,47.0,76.55319,2.1702127,17.592648
44.0,45.0,77.666664,2.2666667,17.652971
45.0,38.0,90.39474,2.4210527,17.63895
45.0,35.0,96.97143,2.5714285,17.61192
44.0,32.0,110.1875,2.40625,17.703838
44.0,29.0,126.93104,2.6206896,17.66883
46.0,28.0,126.10714,2.8214285,17.648668
47.0,27.0,130.85185,2.8888888,17.633621
46.0,28.0,136.78572,2.7142856,17.633165
47.0,32.0,119.1875,2.625,17.633165
48.0,34.0,106.79412,2.6470587,17.62482
50.0,35.0,98.65714,2.5428572,17.613457
50.0,38.0,93.289474,2.5,17.613457
50.0,38.0,95.710526,2.5263157,17.613295
49.0,38.0,101.552635,2.5263157,17.613295
48.0,38.0,103.447365,2.5263157,17.613295
50.0,37.0,100.37838,2.5675676,17.63857
51.0,35.0,104.685715,2.6857142,17.62411
51.0,32.0,113.59375,2.78125,17.602846
52.0,26.0,140.11539,3.3076923,17.559887
52.0,20.0,184.9,3.0,17.587446
53.0,21.0,170.42857,2.952381,17.587446
53.0,21.0,172.04762,2.857143,17.587738
53.0,20.0,190.95,3.15,17.58017
55.0,22.0,168.13637,3.0454545,17.58017
55.0,22.0,169.22728,2.909091,17.63598
52.0,22.0,190.77272,2.8636363,17.634832
53.0,22.0,191.59091,2.8636363,17.634832
53.0,23.0,190.56522,2.826087,17.634832
53.0,24.0,183.125,2.7916667,17.634832
52.0,25.0,182.04,2.76,17.634832
52.0,25.0,188.36,2.84,17.625965
53.0,24.0,196.875,3.0416667,17.611773
53.0,23.0,206.78261,2.652174,17.627274
54.0,23.0,207.56522,2.652174,17.624039
53.0,23.0,221.47826,2.652174,17.627094
52.0,24.0,219.0,2.625,17.627094
52.0,26.0,208.1923,2.5769231,17.627094
50.0,27.0,211.40741,2.5555556,17.627094
52.0,26.0,213.84616,2.7307692,17.609484
53.0,28.0,198.35715,2.6785715,17.609484
53.0,27.0,211.62962,2.8148148,17.592901
53.0,29.0,202.06897,2.7586207,17.589708
52.0,30.0,204.8,2.8,17.58096
49.0,32.0,205.15625,2.75,17.58096
51.0,34.0,187.44118,2.7058823,17.58096
51.0,35.0,181.14285,2.7142856,17.57113
49.0,38.0,173.1579,2.6578948,17.57113
50.0,42.0,154.83333,2.5952382,17.57113
50.0,45.0,145.97778,2.6222222,17.555786
48.0,47.0,146.80852,2.5957446,17.555786
50.0,48.0,138.10417,2.6041667,17.550554
50.0,50.0,132.98,2.4,17.586851
51.0,53.0,119.81132,2.3773584,17.586851
53.0,52.0,116.57692,2.4807692,17.556246
53.0,53.0,111.62264,2.54717,17.541006
52.0,51.0,116.411766,2.5882354,17.517857
49.0,50.0,128.32,2.16,17.636986
49.0,53.0,121.320755,2.2264152,17.619015
51.0,58.0,105.534485,2.2413793,17.61244
50.0,57.0,107.47369,2.3157895,17.60109
49.0,57.0,109.98245,2.2807016,17.61032
47.0,60.0,109.25,2.25,17.604336
46.0,65.0,102.38461,2.2615385,17.597157
47.0,70.0,91.78571,2.2714286,17.587957
46.0,75.0,86.293335,2.3066666,17.574324
45.0,74.0,88.01351,2.3783784,17.544107
41.0,79.0,88.35443,2.379747,17.537685
39.0,78.0,89.589745,2.3205128,17.54161
38.0,77.0,90.94805,2.4285715,17.51138
39.0,79.0,84.81013,2.4303796,17.508362
40.0,74.0,86.95946,2.337838,17.515312
41.0,73.0,84.630135,2.109589,17.565073
39.0,68.0,94.161766,2.1911764,17.529722
39.0,63.0,100.98412,2.2698412,17.48883
37.0,60.0,110.48333,2.3166666,17.47644
38.0,59.0,109.22034,2.338983,17.47224
40.0,58.0,105.51724,2.2068965,17.521513
40.0,58.0,104.98276,2.2413793,17.511719
41.0,56.0,105.57143,2.0535715,17.54386
41.0,56.0,105.26786,2.0357144,17.558079
40.0,55.0,109.98182,1.9636364,17.563753
42.0,59.0,96.932205,1.9661016,17.563753
43.0,59.0,93.94915,1.9661016,17.562016
41.0,59.0,98.694916,2.0,17.548325
40.0,63.0,93.98412,2.0,17.548325
38.0,64.0,96.4375,1.90625,17.55627
39.0,66.0,87.90909,1.969697,17.544638
40.0,67.0,83.61194,2.119403,17.509604
38.0,67.0,84.67164,2.2089553,17.488817
39.0,64.0,85.390625,2.046875,17.533419
39.0,63.0,85.84127,2.079365,17.519695
39.0,63.0,84.92063,2.1111112,17.506979
40.0,62.0,83.16129,2.1612904,17.501266
39.0,60.0,87.75,2.2833333,17.47601
39.0,57.0,92.49123,2.2280703,17.482086
41.0,53.0,94.13207,2.2641509,17.5194
39.0,50.0,103.26,2.16,17.554585
38.0,50.0,103.64,2.24,17.542679
37.0,48.0,108.708336,2.0625,17.540709
36.0,49.0,107.14286,1.8571428,17.570719
37.0,51.0,100.254906,1.882353,17.568506
38.0,48.0,104.229164,2.0208333,17.535229
39.0,44.0,108.204544,2.1363637,17.524954
39.0,43.0,108.48837,2.0232558,17.538462
39.0,42.0,108.809525,2.0952382,17.526737
40.0,39.0,111.53846,2.102564,17.516861
40.0,39.0,109.82051,2.1538463,17.505205
41.0,35.0,116.91428,2.2285714,17.484127
41.0,34.0,118.97059,2.2941177,17.47439
41.0,30.0,134.0,2.3333333,17.47871
43.0,30.0,128.23334,2.3,17.497265
42.0,30.0,132.46666,2.3666666,17.489065
43.0,30.0,126.666664,2.4333334,17.482088
44.0,30.0,126.0,2.4,17.478155
42.0,27.0,151.81482,2.5925925,17.494253
43.0,28.0,146.5,2.357143,17.505136
43.0,30.0,136.56667,2.4,17.499395
42.0,33.0,127.818184,2.3636363,17.499395
43.0,36.0,116.138885,1.9722222,17.557634
39.0,39.0,121.20513,1.8461539,17.560917
38.0,43.0,115.04651,1.8604652,17.560917
38.0,47.0,106.21277,1.8723404,17.560917
37.0,50.0,100.22,1.88,17.560917
38.0,55.0,85.69091,1.8909091,17.560917
35.0,58.0,86.13793,1.9310344,17.555153
35.0,58.0,83.18965,2.0344827,17.533092
34.0,55.0,87.58182,2.090909,17.512297
34.0,55.0,84.30909,2.090909,17.512297
31.0,54.0,91.25926,1.9814814,17.583584
30.0,55.0,91.89091,1.9818182,17.583584
29.0,56.0,89.73214,1.9821428,17.583584
29.0,50.0,100.9,2.2,17.53938
30.0,46.0,107.521736,2.347826,17.504162
29.0,45.0,114.48889,2.2444444,17.514235
30.0,47.0,107.489365,2.2978723,17.505924
31.0,47.0,105.510635,2.1489363,17.53487
32.0,49.0,98.938774,2.1020408,17.572609
32.0,52.0,93.36539,2.0961537,17.572609
33.0,54.0,84.14815,2.0925925,17.572609
33.0,54.0,83.833336,2.1296296,17.566372
33.0,54.0,80.77778,2.148148,17.56191
34.0,54.0,77.796295,2.1851852,17.559483
36.0,54.0,72.203705,2.1296296,17.555555
36.0,55.0,71.09091,2.2727273,17.548973
35.0,55.0,73.6,2.090909,17.57904
37.0,54.0,69.57407,2.1296296,17.570093
34.0,53.0,76.77358,1.981132,17.618298
35.0,53.0,74.09434,2.0566037,17.602676
37.0,51.0,71.35294,2.1176472,17.590012
38.0,47.0,74.702126,2.0425532,17.60197
39.0,46.0,70.32609,2.0217392,17.607412
40.0,44.0,67.704544,2.0227273,17.606709
39.0,38.0,80.68421,2.2368422,17.589626
40.0,35.0,86.34286,2.142857,17.58482
40.0,31.0,101.70968,1.7741935,17.590023
42.0,29.0,103.06896,1.7586207,17.58901
42.0,29.0,108.10345,1.8965517,17.579187
42.0,30.0,108.96667,1.9666667,17.58743
42.0,31.0,109.741936,2.032258,17.584808
43.0,34.0,94.588234,2.0294118,17.584808
43.0,36.0,92.02778,2.0277777,17.584808
42.0,37.0,92.0,2.0810812,17.584475
43.0,39.0,81.64103,2.0769231,17.584475
43.0,41.0,79.51219,2.121951,17.577295
44.0,42.0,71.78571,2.1190476,17.577295
45.0,41.0,67.65854,2.121951,17.573545
46.0,39.0,69.35897,2.2820513,17.569721
47.0,35.0,76.14286,2.2285714,17.57378
46.0,32.0,87.03125,2.375,17.571104
45.0,30.0,102.333336,2.4,17.566177
46.0,28.0,109.57143,2.5357144,17.551102
48.0,26.0,112.57692,2.5384614,17.558624
48.0,24.0,122.541664,2.625,17.572073
48.0,23.0,134.91304,2.4347825,17.57175
50.0,23.0,129.26086,2.5217392,17.565243
51.0,24.0,118.125,2.5,17.565243
52.0,24.0,112.458336,2.5833333,17.58797
51.0,23.0,124.434784,2.4347825,17.642696
52.0,21.0,137.57143,2.1904762,17.651516
52.0,20.0,153.6,2.3,17.645542
54.0,21.0,140.57143,2.2857144,17.645542
52.0,22.0,155.72728,2.2727273,17.645542
52.0,23.0,149.78261,2.2608695,17.645542
53.0,24.0,137.79167,2.25,17.645542
55.0,25.0,126.56,2.24,17.645542
54.0,25.0,138.56,2.24,17.645542
54.0,25.0,144.8,1.52,17.705717
55.0,25.0,145.16,1.48,17.707003
55.0,26.0,145.38461,1.5,17.707003
56.0,27.0,134.25926,1.5185186,17.707003
55.0,27.0,139.37038,1.5185186,17.707003
56.0,25.0,150.56,1.56,17.69558
57.0,25.0,150.92,1.6,17.690716
57.0,27.0,145.33333,1.6296296,17.690716
56.0,29.0,140.10345,1.6551725,17.690716
56.0,29.0,144.96552,1.7931035,17.677095
55.0,30.0,149.53334,1.8333334,17.727526
56.0,31.0,144.0,1.8709677,17.723215
57.0,33.0,130.0,1.8181819,17.726158
54.0,35.0,134.05714,1.8285714,17.726158
53.0,37.0,129.24324,1.8378378,17.726158
50.0,40.0,129.05,1.85,17.726158
50.0,43.0,118.0,1.8604652,17.726158
49.0,41.0,125.585365,2.0,17.701168
49.0,43.0,121.34884,2.0930233,17.687605
50.0,43.0,119.558136,2.0465117,17.680532
48.0,44.0,125.02273,2.0227273,17.710249
48.0,43.0,129.51163,1.6279069,17.801437
49.0,46.0,115.5,1.6521739,17.801437
50.0,48.0,105.270836,1.7291666,17.787846
49.0,48.0,106.041664,1.7291666,17.77496
48.0,50.0,105.24,1.62,17.814222
48.0,54.0,97.46296,1.6481482,17.814222
47.0,52.0,104.67308,1.8269231,17.778572
41.0,53.0,120.13207,1.9622642,17.755482
41.0,58.0,109.706894,1.9827586,17.746988
41.0,58.0,109.37931,2.0517242,17.729908
40.0,60.0,107.433334,2.05,17.729908
40.0,59.0,108.644066,1.898305,17.75928
39.0,61.0,106.77049,1.9016393,17.757229
40.0,63.0,100.22222,1.9365079,17.771662
36.0,64.0,107.015625,1.9375,17.770277
36.0,64.0,106.359375,2.03125,17.747963
37.0,66.0,100.30303,2.060606,17.730228
37.0,69.0,95.10145,1.8985507,17.777838
36.0,67.0,99.22388,2.074627,17.741919
38.0,69.0,90.82609,2.0434783,17.736956
37.0,72.0,87.958336,2.0416667,17.732008
39.0,76.0,77.88158,1.8947369,17.779507
40.0,78.0,70.14103,1.8974359,17.7748
38.0,72.0,76.583336,2.0555556,17.732906
40.0,71.0,71.73239,2.084507,17.727709
41.0,65.0,74.784615,2.1692307,17.705162
42.0,60.0,77.95,2.0833333,17.755568
42.0,61.0,75.96722,2.147541,17.742584
43.0,53.0,85.49056,2.3018868,17.698421
43.0,49.0,93.5102,2.2244897,17.756289
42.0,48.0,99.395836,2.125,17.769875
43.0,50.0,92.86,2.08,17.767382
42.0,50.0,96.0,2.04,17.768547
42.0,52.0,92.48077,2.0192308,17.774935
41.0,52.0,95.25,2.0192308,17.778183
41.0,52.0,95.21154,2.0576923,17.77517
40.0,47.0,109.14893,2.1702127,17.74727
42.0,44.0,111.045456,2.3636363,17.720955
42.0,39.0,127.61539,2.6153846,17.702843
41.0,39.0,129.89743,2.7179487,17.700207
43.0,42.0,115.2381,2.7142856,17.694172
43.0,42.0,113.40476,2.6666667,17.704428
44.0,45.0,103.86667,2.6666667,17.69995
46.0,46.0,95.76087,2.652174,17.69995
45.0,47.0,94.25532,2.6382978,17.69995
44.0,46.0,97.152176,2.7173913,17.695116
45.0,44.0,99.22727,2.7727273,17.691992
45.0,41.0,108.414635,2.682927,17.738352
46.0,42.0,104.07143,2.6904762,17.74271
46.0,41.0,108.60976,2.804878,17.722307
47.0,40.0,106.2,3.05,17.697556
48.0,40.0,100.625,3.1,17.689217
49.0,38.0,104.1579,3.2105262,17.678516
48.0,37.0,109.675674,3.108108,17.708418
49.0,36.0,111.5,2.9444444,17.718481
48.0,37.0,115.0,2.9729729,17.711538
49.0,36.0,116.94444,3.0833333,17.695807
49.0,34.0,127.382355,3.0294118,17.706505
50.0,33.0,130.33333,3.090909,17.707956
48.0,32.0,147.34375,2.96875,17.714788
50.0,32.0,141.5625,3.03125,17.707893
48.0,34.0,145.67647,3.0294118,17.69764
49.0,38.0,129.5,2.9473684,17.689413
50.0,42.0,115.52381,2.8809524,17.689068
51.0,44.0,108.22727,2.9318182,17.677355
50.0,44.0,113.068184,3.0,17.666332
48.0,46.0,115.73913,2.9782608,17.6625
49.0,51.0,101.94118,2.8823528,17.6625
50.0,54.0,93.57407,2.6296296,17.679161
47.0,54.0,98.96296,2.7037036,17.666
48.0,57.0,91.070175,2.7368422,17.654863
46.0,58.0,91.81035,2.6724138,17.646414
47.0,60.0,85.816666,2.6666667,17.640299
47.0,64.0,77.3125,2.65625,17.633516
48.0,67.0,70.86567,2.641791,17.620844
47.0,69.0,67.95652,2.710145,17.596039
46.0,69.0,67.0,2.8115942,17.574816
48.0,68.0,62.235294,2.7794118,17.578896
47.0,64.0,67.625,2.859375,17.560963
49.0,64.0,61.96875,2.765625,17.565815
49.0,64.0,60.921875,2.828125,17.555937
48.0,60.0,64.21667,3.05,17.525698
47.0,52.0,74.23077,3.0961537,17.521442
48.0,46.0,81.71739,3.347826,17.4949
49.0,37.0,100.4054,3.0270271,17.557274
51.0,35.0,100.457146,2.6,17.600386
53.0,34.0,97.64706,2.4705882,17.622952
55.0,32.0,97.75,2.625,17.614643
54.0,29.0,118.0,2.862069,17.600481
54.0,26.0,137.65384,2.9615386,17.598848
56.0,25.0,137.6,2.76,17.602589
56.0,24.0,144.0,2.9583333,17.592913
56.0,23.0,157.39131,3.0869565,17.587362
55.0,21.0,180.7619,2.9047618,17.588236
57.0,21.0,174.7619,2.9047618,17.588236
57.0,21.0,183.04762,2.9047618,17.588236
56.0,22.0,189.95454,2.9545455,17.58174
56.0,24.0,175.375,2.9583333,17.576206
56.0,26.0,162.57692,2.8846154,17.571632
56.0,28.0,151.03572,2.857143,17.578999
57.0,33.0,127.666664,2.7272727,17.578999
57.0,38.0,109.63158,2.631579,17.578999
57.0,43.0,95.06977,2.5581396,17.578999
55.0,47.0,91.085106,2.5106382,17.578999
53.0,48.0,92.8125,2.5208333,17.583492
54.0,50.0,83.36,2.5,17.583492
55.0,50.0,80.64,2.58,17.57102
53.0,48.0,87.895836,2.6666667,17.590866
53.0,43.0,95.69768,2.7906976,17.56858
54.0,42.0,92.04762,2.857143,17.563093
53.0,39.0,101.30769,2.9487178,17.55019
54.0,37.0,101.189186,3.054054,17.540426
52.0,35.0,114.542854,3.2571428,17.561586
53.0,34.0,117.20588,3.5294118,17.54357
52.0,31.0,132.93549,3.419355,17.5531
53.0,32.0,123.25,3.34375,17.550493
52.0,29.0,140.72414,3.4827585,17.545029
52.0,29.0,145.06897,3.4827585,17.545029
52.0,29.0,144.24138,3.4827585,17.545029
54.0,30.0,133.63333,3.4333334,17.545029
55.0,31.0,128.58064,3.451613,17.538677
56.0,28.0,142.67857,3.642857,17.547709
55.0,23.0,181.78261,3.9130435,17.55338
57.0,23.0,176.52174,3.9130435,17.549139
57.0,23.0,184.26086,3.6086957,17.556538
57.0,25.0,170.0,3.48,17.556538
58.0,29.0,141.3793,3.275862,17.556538
58.0,33.0,123.545456,3.121212,17.556538
59.0,37.0,104.89189,3.0,17.556538
60.0,39.0,94.0,2.974359,17.579535
60.0,43.0,83.34884,2.8837209,17.579535
61.0,45.0,73.91111,2.8444445,17.579535
60.0,48.0,69.9375,2.7916667,17.579535
60.0,46.0,70.565216,2.9130435,17.574083
58.0,45.0,76.422226,2.9333334,17.58256
57.0,42.0,83.38095,3.2380953,17.555761
57.0,40.0,85.9,3.325,17.54134
58.0,36.0,89.80556,3.3055556,17.538248
59.0,31.0,98.80645,2.8709676,17.590532
58.0,29.0,110.0,2.9310346,17.583103
58.0,28.0,113.82143,2.9642856,17.577982
58.0,27.0,118.03704,3.1111112,17.568745
58.0,25.0,127.96,3.36,17.554691
58.0,24.0,134.04167,2.7916667,17.580246
59.0,22.0,140.77272,3.0454545,17.570776
59.0,22.0,141.95454,3.1363637,17.565495
60.0,20.0,150.55,3.35,17.55814
59.0,19.0,168.42105,3.1052632,17.562443
59.0,19.0,170.3158,3.1052632,17.562443
60.0,19.0,164.3158,3.1052632,17.562443
60.0,18.0,175.77777,3.2777777,17.556265
61.0,15.0,205.2,3.5333333,17.549135
61.0,13.0,242.3077,3.6923077,17.547274
62.0,11.0,280.9091,3.3636363,17.558582
63.0,11.0,274.9091,3.3636363,17.558582
64.0,11.0,268.9091,3.3636363,17.558582
64.0,12.0,253.58333,3.25,17.558582
65.0,13.0,228.53847,3.1538463,17.558582
66.0,14.0,206.64285,3.0714285,17.558582
66.0,14.0,211.35715,3.0714285,17.558582
66.0,14.0,216.07143,3.0714285,17.558582
66.0,14.0,220.78572,3.0714285,17.558582
67.0,13.0,232.0,3.3076923,17.567862
68.0,13.0,226.0,3.3076923,17.567862
68.0,14.0,215.07143,3.2142856,17.567862
69.0,13.0,226.3077,3.5384614,17.557823
69.0,13.0,232.53847,3.6153846,17.553944
69.0,12.0,259.58334,3.75,17.56884
68.0,13.0,257.15384,3.6153846,17.56884
67.0,13.0,274.23077,3.6153846,17.56884
67.0,14.0,259.85715,3.5,17.56884
68.0,16.0,222.1875,3.3125,17.56884
69.0,17.0,204.11765,3.1764705,17.581259
68.0,19.0,193.1579,3.0526316,17.581259
68.0,20.0,185.3,3.0,17.581259
68.0,19.0,196.94737,3.0526316,17.576923
67.0,18.0,218.55556,3.2222223,17.572592
68.0,18.0,212.55556,3.2222223,17.572592
69.0,16.0,233.5,2.8125,17.629011
69.0,15.0,253.13333,3.0,17.623306
70.0,13.0,286.07693,3.3846154,17.61417
72.0,13.0,280.07693,3.3846154,17.61417
74.0,12.0,297.66666,3.5833333,17.609833
73.0,10.0,381.2,3.8,17.60703
73.0,10.0,390.2,3.8,17.60703
74.0,10.0,384.2,3.8,17.60703
75.0,10.0,378.2,3.8,17.60703
76.0,10.0,372.2,3.8,17.60703
75.0,9.0,441.0,4.0,17.607658
75.0,9.0,451.66666,4.0,17.607658
76.0,9.0,445.66666,4.0,17.607658
76.0,9.0,456.33334,4.0,17.607658
77.0,9.0,450.33334,4.0,17.607658
77.0,9.0,461.0,4.0,17.607658
78.0,10.0,409.6,3.8,17.607658
79.0,11.0,367.0,3.6363637,17.607658
79.0,12.0,343.41666,3.5,17.607658
79.0,12.0,349.91666,3.5,17.607658
79.0,12.0,356.41666,3.5,17.607658
78.0,12.0,375.41666,3.5,17.607658
78.0,12.0,381.91666,3.5,17.607658
78.0,12.0,388.41666,3.5,17.607658
79.0,12.0,382.41666,3.5,17.607658
79.0,12.0,388.91666,3.5,17.607658
79.0,12.0,395.41666,3.5,17.607658
79.0,12.0,401.91666,3.5,17.607658
79.0,12.0,408.41666,3.5,17.607658
80.0,12.0,402.41666,3.5,17.607658
81.0,12.0,396.41666,3.5,17.607658
80.0,12.0,415.41666,3.5,17.607658
81.0,12.0,409.41666,3.5,17.607658
79.0,13.0,407.0,3.3846154,17.607658
81.0,14.0,372.35715,3.2857144,17.607658
78.0,15.0,381.93332,3.2,17.607658
76.0,17.0,358.17648,3.0588236,17.607658
77.0,19.0,315.1579,2.9473684,17.607658
77.0,22.0,280.68182,2.8181818,17.607658
76.0,25.0,259.72,2.72,17.607658
75.0,29.0,229.10345,2.6206896,17.607658
74.0,32.0,211.625,2.5625,17.607658
73.0,34.0,202.35294,2.5294118,17.607658
72.0,36.0,193.77777,2.5,17.607658
71.0,38.0,185.8158,2.4736843,17.607658
70.0,41.0,174.02438,2.4390244,17.607658
71.0,43.0,160.51163,2.4651163,17.60198
70.0,44.0,158.45454,2.5454545,17.587679
71.0,48.0,139.97917,2.5416667,17.582922
70.0,47.0,143.91489,2.5957446,17.573608
70.0,46.0,144.73914,2.5434783,17.567907
72.0,47.0,135.78723,2.531915,17.567907
69.0,48.0,139.60417,2.5208333,17.567907
67.0,47.0,146.44681,2.5957446,17.556849
67.0,46.0,150.41304,2.6956522,17.54651
64.0,40.0,182.275,2.85,17.56735
62.0,35.0,215.57143,2.3428571,17.664442
61.0,34.0,229.5,2.3823528,17.65807
61.0,34.0,228.20589,2.1470587,17.677334
62.0,31.0,244.80646,2.419355,17.656166
62.0,30.0,257.4,2.3666666,17.653812
61.0,28.0,286.2857,1.5,17.801239
60.0,27.0,308.03705,1.4444444,17.801857
60.0,26.0,319.80768,1.4615384,17.801062
61.0,25.0,326.64,1.52,17.797173
63.0,27.0,296.92593,1.5555556,17.797173
63.0,29.0,281.2414,1.5862069,17.797173
63.0,31.0,267.1613,1.6129032,17.797173
61.0,32.0,267.34375,1.6875,17.79152
62.0,34.0,250.73529,1.7647059,17.786755
61.0,34.0,254.32353,1.7941177,17.777336
61.0,37.0,236.62163,1.7297298,17.783606
59.0,40.0,224.875,1.8,17.781057
59.0,45.0,201.26666,1.8222222,17.781057
61.0,50.0,175.78,1.84,17.781057
59.0,56.0,159.66072,1.8571428,17.781057
54.0,62.0,153.35484,1.8709677,17.781057
53.0,69.0,138.97101,1.884058,17.781057
52.0,70.0,135.62857,1.9428571,17.770247
50.0,71.0,134.40845,1.9436619,17.763853
46.0,74.0,133.58109,2.0,17.754395
46.0,76.0,126.539474,1.8289474,17.813076
45.0,73.0,130.43835,1.9589041,17.781715
45.0,74.0,127.14865,2.0270271,17.767584
45.0,66.0,141.9697,2.2272727,17.724783
44.0,64.0,148.125,2.265625,17.716825
41.0,68.0,142.58824,2.25,17.716825
41.0,68.0,141.83824,2.235294,17.708477
41.0,72.0,132.59723,2.25,17.70428
42.0,77.0,120.75325,2.1298702,17.764782
41.0,83.0,112.36144,2.1927712,17.74623
42.0,91.0,98.85714,2.2197802,17.736116
40.0,98.0,92.77551,2.0918367,17.73915
37.0,96.0,96.864586,2.125,17.721388
37.0,99.0,89.89899,2.121212,17.713614
36.0,101.0,85.32674,2.059406,17.71343
36.0,101.0,82.564354,2.079208,17.70739
35.0,97.0,84.85567,2.1958764,17.677034
33.0,89.0,93.8427,2.3820224,17.629503
32.0,80.0,104.7,2.225,17.635597
33.0,74.0,109.9054,2.1756756,17.614706
33.0,70.0,115.12857,2.1714287,17.617672
33.0,65.0,122.96923,2.1846154,17.614614
32.0,62.0,130.62903,2.016129,17.6425
31.0,65.0,125.95385,2.0461538,17.637234
32.0,67.0,116.716415,2.0447762,17.634623
33.0,65.0,114.92308,2.0769231,17.620174
33.0,64.0,116.03125,2.09375,17.632975
35.0,61.0,116.2459,2.180328,17.618595
36.0,61.0,113.2459,2.147541,17.609735
35.0,63.0,111.38095,2.1269841,17.607746
36.0,64.0,106.53125,2.046875,17.610449
34.0,67.0,105.23881,2.0895522,17.601315
33.0,69.0,101.14493,2.173913,17.587849
34.0,68.0,99.26471,2.1617646,17.57664
31.0,68.0,102.45588,2.2058823,17.564878
31.0,71.0,96.746475,2.225352,17.560148
32.0,71.0,91.169014,2.2957747,17.546383
32.0,69.0,90.44927,2.1884058,17.577896
30.0,64.0,101.234375,2.203125,17.559805
30.0,62.0,103.58064,2.096774,17.564405
29.0,58.0,112.72414,2.189655,17.556187
30.0,55.0,115.781815,2.3090909,17.54295
31.0,49.0,127.38776,2.1020408,17.575354
29.0,46.0,143.28261,2.0217392,17.569757
30.0,46.0,141.26086,1.9130435,17.58776
32.0,45.0,139.4,2.0666666,17.576305
30.0,44.0,150.52272,1.9090909,17.57504
32.0,41.0,155.7561,1.902439,17.594551
33.0,42.0,146.19048,1.9047619,17.594551
34.0,41.0,147.70732,1.804878,17.611689
32.0,43.0,149.09302,1.8139535,17.611689
32.0,45.0,143.42223,1.8222222,17.611689
31.0,47.0,141.57446,1.8510638,17.604
32.0,46.0,142.80435,1.9130435,17.606943
34.0,49.0,128.44897,1.9183674,17.606943
35.0,50.0,123.2,1.86,17.61069
35.0,52.0,118.5,1.8653846,17.61069
37.0,55.0,106.41818,1.8727273,17.61069
38.0,57.0,99.68421,1.8596492,17.611643
37.0,57.0,99.210526,1.9298246,17.601992
37.0,58.0,94.36207,1.9655173,17.596973
37.0,55.0,96.90909,2.0,17.61184
35.0,53.0,103.66038,2.1132076,17.594767
37.0,54.0,96.40741,2.0,17.59287
36.0,54.0,96.203705,1.9814814,17.587257
34.0,53.0,100.86793,2.0,17.594467
33.0,50.0,110.34,1.92,17.59211
33.0,52.0,106.26923,1.8846154,17.626183
34.0,53.0,101.679245,2.0,17.61284
35.0,56.0,93.39286,2.0357144,17.608662
34.0,56.0,96.08929,1.9642857,17.605347
34.0,60.0,89.23333,2.0,17.601572
32.0,63.0,89.09524,2.0,17.603062
32.0,67.0,82.76119,2.0,17.60675
30.0,72.0,79.93056,2.0138888,17.603765
31.0,74.0,74.21622,2.0675676,17.594276
30.0,79.0,67.72152,2.063291,17.594276
30.0,74.0,68.74324,2.162162,17.563892
31.0,74.0,64.97298,2.1891892,17.556423
30.0,68.0,71.69118,2.1911764,17.553738
27.0,63.0,83.74603,2.2857144,17.53631
28.0,56.0,91.41071,2.392857,17.518002
29.0,52.0,95.94231,2.3461537,17.524914
30.0,52.0,93.36539,2.3653846,17.520061
30.0,55.0,88.181816,2.3454545,17.516005
31.0,55.0,85.527275,2.290909,17.534847
33.0,53.0,83.35849,2.2264152,17.55671
34.0,52.0,82.32692,2.2115386,17.587332
36.0,51.0,78.31373,2.27451,17.60698
38.0,49.0,75.77551,2.142857,17.629644
37.0,48.0,80.875,2.0625,17.633371
37.0,46.0,85.04348,2.152174,17.623709
35.0,43.0,99.139534,2.2325583,17.620321
34.0,39.0,115.23077,2.1794872,17.640732
34.0,32.0,144.21875,2.03125,17.630657
35.0,29.0,158.3793,2.137931,17.63032
35.0,28.0,169.07143,2.25,17.622248
36.0,28.0,169.07143,2.0714285,17.634295
37.0,29.0,157.7931,2.137931,17.63064
37.0,30.0,152.3,2.0,17.655552
38.0,32.0,137.15625,2.0,17.655552
38.0,35.0,124.25714,2.0,17.655552
38.0,37.0,115.945946,2.0,17.655552
35.0,39.0,123.589745,2.0,17.655552
32.0,42.0,127.04762,2.0,17.655552
32.0,45.0,119.666664,2.0,17.655552
30.0,47.0,118.59574,2.0425532,17.65038
31.0,50.0,108.86,2.04,17.65038
32.0,47.0,113.510635,2.0851064,17.638805
29.0,46.0,126.391304,2.0652175,17.64121
28.0,47.0,124.23404,2.06383,17.64121
29.0,46.0,124.434784,2.0869565,17.634302
29.0,46.0,121.86957,2.1304348,17.64124
31.0,44.0,121.86364,2.3181818,17.621796
30.0,43.0,129.86046,2.2093024,17.64533
31.0,45.0,122.22222,2.1333334,17.64009
31.0,46.0,121.36957,2.1956522,17.628378
30.0,51.0,112.94118,2.1764705,17.628378
30.0,57.0,101.0,2.1578948,17.628378
30.0,62.0,92.19355,2.1451614,17.628378
31.0,63.0,87.47619,2.2063491,17.61853
33.0,63.0,81.61905,2.2380953,17.614548
34.0,59.0,84.0,2.2881355,17.613024
33.0,57.0,86.50877,2.2807016,17.611216
33.0,52.0,94.96154,2.4615386,17.604998
32.0,50.0,102.14,2.38,17.656239
31.0,47.0,112.80851,2.3617022,17.644238
32.0,40.0,131.475,2.45,17.638384
33.0,41.0,126.51219,2.4634147,17.633469
33.0,44.0,119.77273,2.4318182,17.664202
35.0,46.0,109.347824,2.3043478,17.671223
33.0,48.0,111.854164,2.1666667,17.684385
34.0,52.0,100.63461,2.1538463,17.684385
33.0,54.0,99.81481,2.2037036,17.676872
34.0,58.0,89.93104,2.189655,17.676872
33.0,59.0,90.37288,2.2372882,17.675636
31.0,59.0,94.932205,2.3050847,17.668262
32.0,60.0,90.51667,2.4,17.65294
33.0,59.0,89.10169,2.322034,17.677313
32.0,56.0,96.42857,2.4107144,17.662148
32.0,56.0,96.0,2.3035715,17.67521
32.0,54.0,99.46296,2.3888888,17.66179
32.0,52.0,100.57692,2.2307692,17.675428
34.0,53.0,93.20755,2.3018868,17.668005
34.0,53.0,90.90566,2.2264152,17.668974
36.0,48.0,95.333336,2.4375,17.644283
35.0,50.0,95.18,2.5,17.635836
35.0,51.0,93.70588,2.27451,17.66401
36.0,50.0,92.92,2.26,17.662563
37.0,49.0,92.265305,2.2040815,17.69331
38.0,49.0,89.67347,2.2857144,17.687387
38.0,51.0,83.90196,2.3921568,17.674007
40.0,52.0,77.26923,2.5192308,17.656216
40.0,48.0,84.604164,2.3541667,17.686197
41.0,49.0,80.63265,2.122449,17.693716
41.0,49.0,81.32653,2.0,17.708035
39.0,49.0,87.79592,2.0408163,17.704195
39.0,50.0,83.18,2.04,17.704195
40.0,47.0,82.6383,2.1489363,17.691261
40.0,42.0,93.95238,2.0,17.69932
41.0,38.0,101.947365,1.9473684,17.68761
41.0,32.0,120.1875,1.96875,17.67581
40.0,28.0,142.82143,2.142857,17.661095
41.0,25.0,154.44,1.92,17.67649
42.0,24.0,161.20833,2.0,17.6727
42.0,23.0,175.60869,2.1304348,17.666903
41.0,22.0,198.45454,1.8181819,17.688408
42.0,22.0,199.72728,1.6363636,17.69419
44.0,22.0,193.72728,1.6363636,17.69419
45.0,21.0,196.95238,1.5714285,17.701382
46.0,21.0,190.95238,1.5714285,17.701382
47.0,21.0,192.5238,1.6666666,17.697592
46.0,21.0,208.4762,1.6666666,17.694513
46.0,21.0,216.7619,1.6666666,17.694513
46.0,20.0,236.6,1.7,17.69073
47.0,18.0,265.8889,1.4444444,17.691057
47.0,20.0,248.9,1.5,17.691057
48.0,22.0,227.68182,1.5454545,17.691057
47.0,24.0,216.04167,1.6666666,17.686573
49.0,26.0,194.23077,1.6538461,17.692688
50.0,30.0,168.13333,1.7,17.692688
50.0,33.0,156.48485,1.7272727,17.692688
49.0,34.0,159.29411,1.7352941,17.692688
49.0,36.0,153.13889,1.75,17.692688
47.0,39.0,151.25641,1.7692307,17.692688
47.0,41.0,145.48781,1.7804878,17.692688
47.0,41.0,143.48781,1.8536586,17.694317
45.0,41.0,148.90244,1.9512196,17.685715
43.0,37.0,171.83784,1.945946,17.689898
44.0,39.0,161.4359,1.8974359,17.688248
45.0,38.0,164.63158,2.0263157,17.674746
47.0,39.0,154.92308,1.7948718,17.681643
49.0,43.0,135.37209,1.8604652,17.678246
50.0,47.0,121.85107,1.9148936,17.675552
49.0,49.0,117.591835,1.8163265,17.678583
46.0,52.0,116.86539,1.8653846,17.674492
48.0,52.0,111.36539,1.8076923,17.670633
47.0,55.0,107.818184,1.8181819,17.670633
47.0,54.0,107.03704,1.8888888,17.661188
47.0,56.0,100.28571,1.9285715,17.656763
47.0,57.0,98.26316,2.0350878,17.644903
49.0,56.0,94.44643,2.125,17.6318
50.0,51.0,101.76471,2.235294,17.606323
50.0,50.0,104.42,2.12,17.624002
52.0,52.0,94.65385,2.1153846,17.624002
50.0,48.0,109.354164,2.25,17.620152
51.0,49.0,104.71429,2.3265307,17.612457
52.0,49.0,102.20408,2.367347,17.60318
51.0,49.0,105.89796,2.4285715,17.59496
52.0,51.0,96.52941,2.4313726,17.5871
51.0,49.0,101.5102,2.4489796,17.5819
53.0,50.0,94.16,2.5,17.572706
54.0,48.0,96.0,2.625,17.56726
55.0,51.0,87.78432,2.509804,17.568096
54.0,54.0,82.92593,2.5185184,17.563442
56.0,54.0,77.48148,2.4629629,17.577396
55.0,51.0,85.23529,2.4313726,17.607862
53.0,50.0,93.92,2.34,17.606619
54.0,52.0,88.05769,2.2115386,17.607363
54.0,54.0,84.90741,2.2592592,17.599796
52.0,55.0,88.87273,2.3454545,17.588636
51.0,57.0,87.87719,2.3333333,17.588636
51.0,58.0,83.37931,2.2068965,17.602177
52.0,57.0,81.96491,2.2105262,17.594906
50.0,56.0,85.73214,2.267857,17.588394
50.0,51.0,94.52941,2.2941177,17.576845
50.0,49.0,96.18367,2.3877552,17.561
49.0,48.0,99.145836,2.375,17.558704
51.0,48.0,94.0625,2.25,17.55911
53.0,51.0,83.411766,2.2941177,17.551817
55.0,51.0,78.21568,2.1568627,17.55257
54.0,50.0,83.16,2.22,17.547316
55.0,51.0,78.72549,2.0588236,17.556189
51.0,51.0,87.78432,2.0980392,17.549446
53.0,52.0,80.21154,2.0961537,17.549446
53.0,44.0,96.068184,2.0227273,17.545303
52.0,41.0,108.17073,2.1463416,17.536406
51.0,38.0,123.13158,2.1052632,17.529352
53.0,36.0,124.583336,2.3333333,17.51399
54.0,34.0,130.91176,2.4705882,17.50632
55.0,33.0,134.0,2.0,17.546028
55.0,36.0,125.888885,1.9722222,17.550165
56.0,39.0,114.97436,1.8974359,17.5498
53.0,39.0,128.64102,1.8974359,17.553085
52.0,41.0,127.65854,1.902439,17.553085
52.0,42.0,122.35714,1.9047619,17.553085
52.0,43.0,117.4186,1.9302325,17.549585
51.0,44.0,115.84091,1.9772727,17.545094
49.0,46.0,115.08696,2.0217392,17.541265
48.0,44.0,121.568184,2.1136363,17.529295
46.0,45.0,123.422226,2.0,17.527622
48.0,45.0,118.13333,2.0,17.527586
49.0,46.0,113.32609,2.0,17.525917
50.0,47.0,105.61702,2.0,17.522427
49.0,49.0,101.87755,2.0408163,17.51863
49.0,49.0,102.38776,2.1020408,17.512686
50.0,50.0,97.6,1.88,17.52075
51.0,50.0,94.74,1.92,17.516628
51.0,47.0,101.57447,2.0425532,17.502466
49.0,46.0,107.73913,2.0869565,17.496878
48.0,46.0,111.67391,1.8695652,17.50624
48.0,43.0,120.69768,1.8604652,17.501312
49.0,43.0,118.790695,1.8139535,17.501146
48.0,39.0,137.74359,1.7948718,17.49853
49.0,43.0,123.37209,1.9069767,17.491016
48.0,50.0,110.22,1.84,17.49706
50.0,57.0,91.47369,1.8596492,17.49706
51.0,64.0,76.171875,1.875,17.49706
52.0,69.0,65.391304,1.884058,17.49641
49.0,72.0,65.458336,1.8472222,17.499674
46.0,76.0,64.48684,1.8947369,17.492828
44.0,80.0,61.35,1.925,17.489737
44.0,79.0,60.455696,1.9113925,17.48894
45.0,78.0,55.692307,2.025641,17.469957
45.0,74.0,57.094593,2.0675676,17.46109
45.0,72.0,55.125,2.0972223,17.454016
42.0,68.0,64.01471,1.9705882,17.45155
41.0,66.0,67.19697,2.0757575,17.440323
42.0,62.0,68.46774,2.1612904,17.4271
43.0,62.0,65.46774,2.2741935,17.41305
39.0,61.0,75.77049,2.409836,17.400642
39.0,55.0,83.818184,2.2,17.44811
40.0,51.0,87.745094,2.3137255,17.442596
40.0,50.0,89.9,2.14,17.476358
41.0,48.0,90.895836,2.2083333,17.470306
42.0,46.0,92.45652,2.1304348,17.47847
39.0,47.0,100.95744,2.1914895,17.473383
37.0,47.0,108.42553,2.2340426,17.482967
39.0,47.0,102.893616,2.319149,17.474554
38.0,47.0,106.680855,2.3617022,17.471224
39.0,43.0,114.37209,2.488372,17.45983
40.0,45.0,106.91111,2.4666667,17.45983
42.0,48.0,94.770836,2.4791667,17.455555
44.0,48.0,89.416664,2.3958333,17.465588
44.0,46.0,94.45652,2.4130435,17.457712
42.0,43.0,106.06977,2.5813954,17.443073
42.0,38.0,119.10526,2.5,17.463552
44.0,40.0,107.625,2.525,17.459307
44.0,42.0,100.38095,2.5,17.459307
44.0,42.0,98.190475,2.357143,17.463575
43.0,40.0,108.65,2.275,17.479836
41.0,40.0,117.825,2.325,17.47685
38.0,41.0,127.414635,2.317073,17.47685
37.0,39.0,139.76923,2.4615386,17.47168
37.0,39.0,141.74359,2.5128205,17.46996
37.0,38.0,147.6842,2.5263157,17.46589
38.0,38.0,146.07895,2.4473684,17.469683
38.0,39.0,140.82051,2.5128205,17.46562
37.0,38.0,147.1579,2.6578948,17.45563
39.0,38.0,141.63158,2.3421052,17.483547
39.0,38.0,139.8421,2.3947368,17.482456
40.0,38.0,134.02632,2.3421052,17.497652
42.0,38.0,128.21053,2.3157895,17.505323
43.0,39.0,123.128204,2.1794872,17.51424
45.0,39.0,117.53846,2.2820513,17.5061
43.0,37.0,130.7027,2.4054055,17.494844
44.0,37.0,129.24324,2.3513513,17.493599
42.0,35.0,148.45714,2.2571428,17.497038
43.0,38.0,135.1842,2.2368422,17.497038
44.0,42.0,120.52381,2.2142856,17.497038
46.0,44.0,109.47727,2.25,17.49283
44.0,46.0,108.978264,2.2826087,17.489561
45.0,47.0,104.510635,2.3829787,17.480698
45.0,49.0,101.265305,2.4693878,17.478544
45.0,51.0,97.588234,2.4509804,17.475908
43.0,51.0,100.76471,2.4313726,17.47375
45.0,53.0,91.18868,2.4150944,17.47375
46.0,56.0,83.32143,2.392857,17.47375
44.0,54.0,89.388885,2.148148,17.495657
45.0,56.0,83.67857,2.25,17.484661
46.0,54.0,84.07407,2.2777777,17.487623
45.0,54.0,84.03704,1.7222222,17.527357
44.0,52.0,87.82692,1.8461539,17.511263
44.0,51.0,87.05882,1.745098,17.514637
44.0,52.0,82.73077,1.8269231,17.516785
43.0,50.0,89.16,1.8,17.524776
42.0,49.0,91.14286,1.6734694,17.540615
43.0,43.0,101.62791,1.7674419,17.526106
42.0,39.0,117.82051,1.8717948,17.516258
42.0,34.0,138.29411,2.0588236,17.50046
44.0,28.0,162.75,1.8571428,17.507185
44.0,19.0,250.6842,2.0,17.49756
45.0,18.0,267.1111,1.9444444,17.496191
46.0,18.0,261.1111,1.9444444,17.496191
46.0,16.0,297.25,1.6875,17.498629
47.0,16.0,291.25,1.6875,17.498629
47.0,16.0,294.625,1.6875,17.498629
48.0,17.0,280.47058,1.7058823,17.498629
49.0,19.0,253.52632,1.7368422,17.498629
51.0,21.0,224.0,1.7619047,17.498629
51.0,23.0,205.56522,1.7826087,17.498629
51.0,25.0,189.64,1.8,17.498629
50.0,28.0,174.71428,1.8214285,17.498629
49.0,31.0,162.12903,1.8387097,17.498629
50.0,33.0,151.24243,1.8484849,17.498629
49.0,35.0,149.82857,1.8571428,17.498629
46.0,37.0,152.2973,1.8648648,17.498629
46.0,39.0,146.48718,1.8717948,17.498629
47.0,41.0,137.31708,1.8780488,17.498629
46.0,42.0,139.11905,1.9285715,17.505177
45.0,41.0,148.21951,1.8536586,17.51703
46.0,43.0,139.37209,1.9069767,17.513834
47.0,45.0,131.37778,1.8,17.50881
48.0,47.0,123.85107,1.893617,17.512897
45.0,50.0,123.26,1.8,17.514252
45.0,56.0,107.42857,1.8214285,17.514252
46.0,64.0,91.3125,1.875,17.511671
45.0,68.0,87.29412,1.9705882,17.503029
44.0,76.0,78.85526,2.0,17.499546
42.0,78.0,77.410255,1.9743589,17.510279
44.0,80.0,69.8875,1.8625,17.534441
40.0,82.0,71.68293,1.8902439,17.527779
39.0,79.0,74.417725,1.9746835,17.512209
40.0,82.0,67.87805,1.9390244,17.518988
37.0,75.0,76.68,2.12,17.497896
37.0,68.0,81.42647,2.3088236,17.484423
37.0,62.0,88.83871,2.435484,17.462664
38.0,60.0,88.76667,2.3166666,17.478378
38.0,58.0,91.87931,2.4482758,17.46518
38.0,54.0,99.05556,2.2777777,17.469715
38.0,53.0,100.98113,2.1886792,17.466488
39.0,56.0,92.60714,2.1785715,17.466488
40.0,58.0,86.206894,2.1724138,17.466488
41.0,58.0,82.93104,2.2068965,17.463089
41.0,56.0,85.5,2.3214285,17.451717
41.0,51.0,91.15686,2.509804,17.433176
42.0,48.0,91.416664,2.375,17.457336
43.0,39.0,107.20513,2.5641026,17.435678
43.0,36.0,118.97222,2.75,17.425169
43.0,35.0,125.22857,2.6857142,17.437849
40.0,34.0,140.64706,2.5588236,17.440365
40.0,34.0,139.26471,2.5588236,17.439941
41.0,35.0,129.77142,2.6,17.439224
42.0,34.0,132.44118,2.735294,17.432219
40.0,31.0,159.35484,2.8709676,17.431126
40.0,30.0,169.13333,2.3666666,17.442883
41.0,31.0,163.06451,2.1612904,17.45183
42.0,31.0,162.51613,2.2258065,17.451565
42.0,32.0,156.6875,2.28125,17.447924
41.0,35.0,150.94286,2.2,17.448378
40.0,39.0,141.66667,2.1794872,17.448378
41.0,43.0,126.69768,2.2093024,17.444445
40.0,46.0,122.847824,2.2391305,17.4411
39.0,47.0,121.085106,2.1276596,17.449898
36.0,47.0,127.97872,1.9787234,17.455023
36.0,48.0,122.583336,1.9791666,17.455023
37.0,49.0,117.265305,1.9795918,17.455023
38.0,49.0,111.42857,1.9591837,17.462774
38.0,48.0,110.916664,2.0,17.458843
39.0,40.0,131.225,2.3,17.436518
40.0,35.0,148.71428,2.3428571,17.440245
42.0,32.0,157.0625,2.375,17.434921
43.0,29.0,172.65517,2.5517242,17.426414
44.0,27.0,185.25926,2.7407408,17.420656
46.0,25.0,194.68,2.72,17.416231
46.0,25.0,195.12,2.64,17.423065
47.0,26.0,181.88461,2.6153846,17.423065
48.0,26.0,182.0,2.6153846,17.42439
50.0,28.0,163.42857,2.5714285,17.42439
51.0,28.0,163.07143,2.607143,17.423689
52.0,28.0,162.75,2.607143,17.426752
51.0,28.0,173.17857,2.642857,17.432707
51.0,28.0,177.89285,2.642857,17.432707
51.0,27.0,189.62962,2.7407408,17.434896
51.0,26.0,196.73077,2.8461537,17.4313
52.0,26.0,191.07692,2.9230769,17.428282
53.0,25.0,198.84,2.96,17.426424
54.0,24.0,201.33333,3.0833333,17.424278
55.0,23.0,211.17392,3.0,17.424322
54.0,24.0,215.79167,3.0416667,17.4216
55.0,27.0,192.11111,2.925926,17.4216
55.0,29.0,183.93103,2.9310346,17.42754
53.0,31.0,181.0,2.8709676,17.42754
54.0,32.0,169.84375,2.6875,17.442135
52.0,35.0,162.68571,2.6285715,17.442135
53.0,38.0,144.3421,2.5789473,17.442135
52.0,40.0,139.1,2.6,17.438257
52.0,42.0,130.5238,2.6190476,17.434958
53.0,43.0,122.093025,2.5813954,17.432978
52.0,42.0,126.90476,2.6904762,17.424417
52.0,44.0,118.818184,2.659091,17.424417
51.0,46.0,117.695656,2.6304348,17.424417
51.0,48.0,110.3125,2.3541667,17.434658
51.0,48.0,108.083336,2.4791667,17.424791
52.0,48.0,105.916664,2.4791667,17.423155
51.0,47.0,109.085106,2.5106382,17.416761
52.0,43.0,117.27907,2.5348837,17.425215
52.0,45.0,113.0,2.511111,17.425215
53.0,44.0,113.318184,2.4545455,17.421127
50.0,45.0,121.933334,2.5333333,17.41402
48.0,49.0,118.734695,2.489796,17.41402
48.0,50.0,117.0,2.6,17.40366
50.0,49.0,113.97959,2.3265307,17.442318
49.0,46.0,125.652176,2.4130435,17.432848
47.0,46.0,132.93478,2.4565217,17.42959
46.0,47.0,134.0,2.468085,17.428328
46.0,47.0,135.0,2.5744681,17.421982
45.0,48.0,136.14583,2.5208333,17.418207
46.0,51.0,125.90196,2.5686274,17.409607
46.0,52.0,124.28846,2.6346154,17.398523
44.0,55.0,123.27273,2.6545455,17.390812
41.0,62.0,113.741936,2.580645,17.390812
43.0,68.0,98.367645,2.4411764,17.403175
42.0,74.0,90.98649,2.4054055,17.403175
42.0,78.0,82.69231,2.4102564,17.39966
41.0,82.0,78.63415,2.4268293,17.392918
40.0,85.0,75.564705,2.4588234,17.387033
41.0,84.0,72.57143,2.4642856,17.37896
42.0,77.0,75.766235,2.4805195,17.369148
41.0,75.0,76.013336,2.48,17.368835
40.0,67.0,86.17911,2.6567163,17.347105
42.0,65.0,83.09231,2.7692308,17.336985
44.0,59.0,86.27119,3.0169492,17.314005
46.0,55.0,86.87273,3.2,17.300335
44.0,50.0,102.24,3.44,17.284956
44.0,45.0,114.77778,3.5555556,17.278072
45.0,38.0,134.60527,3.5,17.306087
45.0,39.0,133.0,3.4615386,17.306087
45.0,37.0,138.7027,3.6216216,17.3175
46.0,37.0,137.02702,3.5945945,17.31769
47.0,39.0,128.17949,3.5128205,17.31769
46.0,37.0,137.78378,3.6756756,17.321775
45.0,36.0,144.02777,3.7777777,17.31808
45.0,34.0,155.76471,4.0,17.31089
45.0,35.0,150.02856,3.8285713,17.31579
46.0,35.0,148.91429,3.9142857,17.312016
47.0,37.0,139.24324,3.8108108,17.312016
47.0,38.0,133.97368,3.8157895,17.308607
48.0,36.0,139.94444,3.8888888,17.308075
47.0,35.0,151.08571,3.5714285,17.325594
47.0,35.0,149.91429,3.5428572,17.329834
46.0,38.0,140.44737,3.4210527,17.329834
48.0,39.0,131.48718,3.4358974,17.323854
49.0,39.0,129.66667,3.5384614,17.325607
49.0,37.0,139.54054,3.0810812,17.359703
49.0,40.0,131.05,3.0,17.359703
50.0,40.0,129.175,2.85,17.370249
50.0,42.0,124.45238,2.8095238,17.370249
49.0,44.0,119.90909,2.7727273,17.370249
51.0,46.0,109.152176,2.6086957,17.376205
49.0,46.0,113.21739,2.673913,17.369942
48.0,46.0,114.195656,2.7391305,17.364786
47.0,44.0,120.77273,2.909091,17.355593
47.0,39.0,134.35898,3.0,17.34742
48.0,37.0,139.78378,2.8648648,17.355185
50.0,33.0,151.21213,3.060606,17.377157
50.0,33.0,155.0,3.121212,17.372297
51.0,33.0,154.0303,3.060606,17.37428
53.0,33.0,148.54546,3.1818182,17.367788
54.0,34.0,143.02942,3.2058823,17.364954
53.0,32.0,160.4375,3.34375,17.358644
53.0,32.0,164.125,3.21875,17.362097
53.0,31.0,173.51613,3.2903225,17.36108
53.0,31.0,172.58064,3.3225806,17.360983
54.0,33.0,161.06061,3.2424242,17.360983
55.0,34.0,154.91176,3.2058823,17.360983
55.0,35.0,149.17143,3.2,17.358429
53.0,31.0,177.90323,3.419355,17.349129
54.0,32.0,166.8125,3.40625,17.347128
55.0,34.0,151.38235,3.3235295,17.347128
55.0,34.0,150.17647,3.264706,17.345306
56.0,36.0,136.5,3.2222223,17.342764
56.0,37.0,135.24324,3.0810812,17.34403
55.0,37.0,138.02702,2.891892,17.35924
54.0,38.0,136.63158,2.9210527,17.356424
53.0,38.0,138.8158,2.8947368,17.354427
54.0,40.0,126.2,2.85,17.354427
54.0,41.0,121.65854,2.878049,17.356037
53.0,43.0,117.62791,2.860465,17.35015
51.0,44.0,119.704544,2.9318182,17.344538
52.0,49.0,105.53061,2.5714285,17.381739
53.0,52.0,94.17308,2.5769231,17.375202
53.0,54.0,88.05556,2.6111112,17.370941
49.0,57.0,91.08772,2.6140351,17.368677
47.0,57.0,93.17544,2.6491227,17.365602
47.0,56.0,91.91071,2.5,17.413942
48.0,56.0,88.91071,2.5535715,17.408047
49.0,52.0,90.36539,2.6153846,17.41186
49.0,50.0,91.48,2.56,17.43957
51.0,44.0,98.25,2.409091,17.441011
51.0,39.0,109.02564,2.6410255,17.428074
51.0,35.0,124.37143,2.8,17.421179
52.0,36.0,119.25,2.7777777,17.421179
53.0,35.0,116.85714,2.7142856,17.42953
53.0,32.0,127.03125,3.0,17.417292
54.0,29.0,140.10345,3.1034484,17.407377
55.0,26.0,157.0,3.1923077,17.40897
55.0,25.0,169.8,3.12,17.408485
54.0,25.0,182.2,3.08,17.407843
56.0,26.0,169.46153,3.0384614,17.407843
57.0,27.0,162.96297,3.0,17.407843
55.0,27.0,173.96297,3.074074,17.404266
56.0,27.0,168.37038,3.148148,17.401226
56.0,25.0,182.04,3.2,17.40048
57.0,25.0,176.04,3.2,17.40048
55.0,25.0,194.4,3.28,17.39691
56.0,23.0,205.86957,3.6086957,17.388607
56.0,23.0,206.78261,3.3913043,17.393827
56.0,23.0,207.30435,3.3913043,17.393827
54.0,22.0,231.18182,3.2272727,17.415537
55.0,22.0,225.18182,3.2272727,17.415537
57.0,22.0,219.5,3.3181818,17.413033
58.0,23.0,210.73914,3.2608695,17.413033
59.0,22.0,221.63637,3.2272727,17.411749
59.0,23.0,219.30435,3.173913,17.411749
58.0,22.0,237.09091,3.3181818,17.409248
56.0,22.0,251.54546,3.3181818,17.409248
56.0,22.0,252.36363,3.3181818,17.409248
55.0,22.0,260.0,3.3181818,17.409248
57.0,22.0,254.0,3.3181818,17.409248
58.0,20.0,281.25,3.45,17.41567
58.0,20.0,290.65,3.55,17.41264
60.0,21.0,271.14285,3.4761906,17.41264
59.0,23.0,255.65218,3.4347825,17.410406
60.0,26.0,226.6923,3.2692308,17.410406
62.0,29.0,197.89655,3.137931,17.410406
62.0,32.0,183.3125,3.03125,17.410406
60.0,36.0,170.11111,2.9166667,17.410406
60.0,40.0,151.475,2.825,17.410406
61.0,42.0,142.14285,2.7857144,17.410406
58.0,45.0,140.44444,2.7333333,17.410406
58.0,48.0,132.33333,2.6875,17.410406
59.0,51.0,121.98039,2.6862745,17.406847
60.0,55.0,107.70909,2.6727273,17.40382
61.0,54.0,104.5,2.574074,17.418278
59.0,59.0,98.0339,2.5762713,17.418322
58.0,62.0,92.98387,2.6612904,17.40968
59.0,67.0,83.029854,2.597015,17.407349
58.0,74.0,75.86487,2.5405405,17.407349
55.0,78.0,74.10256,2.5384614,17.40407
55.0,82.0,68.439026,2.512195,17.40407
53.0,83.0,69.156624,2.566265,17.395828
52.0,83.0,67.06024,2.566265,17.398153
53.0,79.0,66.6076,2.7468355,17.381191
52.0,76.0,69.5,2.7894738,17.37385
50.0,68.0,80.97059,2.764706,17.379953
49.0,62.0,87.96774,2.951613,17.366945
50.0,57.0,92.77193,2.8421052,17.369673
51.0,52.0,99.25,2.7692308,17.367598
51.0,50.0,104.04,2.72,17.394373
50.0,48.0,113.083336,2.4791667,17.443203
51.0,52.0,102.36539,2.5192308,17.437662
49.0,56.0,100.375,2.5,17.434952
49.0,58.0,96.44827,2.5,17.43328
49.0,60.0,92.583336,2.3666666,17.450558
48.0,61.0,93.0,2.2950819,17.449429
46.0,60.0,98.7,2.3166666,17.446604
47.0,57.0,100.89474,2.4035087,17.433859
47.0,56.0,99.76786,2.125,17.497414
43.0,54.0,111.77778,2.1111112,17.492765
43.0,53.0,114.169815,2.2452831,17.482706
41.0,56.0,110.42857,2.232143,17.482706
40.0,50.0,127.46,2.34,17.464075
41.0,50.0,124.96,2.4,17.458311
42.0,54.0,112.94444,2.3703704,17.458311
43.0,54.0,110.09259,2.2592592,17.46053
42.0,54.0,109.77778,2.2962964,17.459383
39.0,53.0,120.169815,2.1132076,17.483042
46.839046,42.45148,146.69135,2.3079228,16.723984
