2.0,32.0,69.4375,0.125,0.0
4.0,35.0,58.057144,0.2857143,0.0
6.0,36.0,50.61111,0.33333334,0.0
7.0,38.0,46.210526,0.42105263,0.0
9.0,39.0,39.205128,0.46153846,0.0
11.0,39.0,33.205128,0.46153846,0.0
13.0,39.0,27.205128,0.46153846,0.0
14.0,36.0,27.972221,0.5,4.6666665
16.0,33.0,24.878788,0.54545456,5.6666665
18.0,26.0,26.423077,0.23076923,7.1538463
20.0,25.0,21.68,0.24,7.0
22.0,22.0,18.636364,0.13636364,7.7058825
23.0,20.0,22.4,0.05,8.157895
23.0,20.0,31.4,0.05,8.157895
25.0,7.0,92.57143,0.42857143,10.636364
27.0,7.0,87.71429,0.71428573,10.6470585
28.0,7.0,103.14286,0.71428573,10.6470585
30.0,7.0,97.14286,0.71428573,10.6470585
31.0,7.0,91.14286,0.71428573,10.6470585
32.0,7.0,85.14286,0.71428573,10.6470585
33.0,7.0,79.14286,0.71428573,10.6470585
34.0,7.0,73.14286,0.71428573,10.6470585
35.0,7.0,67.14286,0.71428573,10.6470585
36.0,10.0,81.8,0.4,10.472222
36.0,10.0,90.8,0.4,10.472222
37.0,10.0,84.8,0.4,10.472222
38.0,10.0,93.8,0.4,10.472222
38.0,10.0,104.0,0.4,10.918919
40.0,10.0,98.0,0.4,10.918919
40.0,9.0,119.888885,0.22222222,11.394737
39.0,9.0,147.22223,0.22222222,11.394737
36.0,9.0,207.88889,0.22222222,11.394737
37.0,9.0,218.55556,0.22222222,11.394737
37.0,9.0,245.88889,0.22222222,11.394737
38.0,9.0,239.88889,0.22222222,11.394737
38.0,8.0,283.125,0.125,11.410256
38.0,8.0,295.875,0.125,11.410256
38.0,8.0,327.375,0.125,11.410256
38.0,8.0,340.125,0.125,11.410256
40.0,7.0,383.2857,0.14285715,12.1
40.0,7.0,398.7143,0.14285715,12.1
42.0,7.0,392.7143,0.14285715,12.1
41.0,7.0,429.57144,0.14285715,12.1
43.0,7.0,423.57144,0.14285715,12.1
43.0,7.0,439.0,0.14285715,12.1
44.0,7.0,433.0,0.14285715,12.1
46.0,7.0,427.0,0.14285715,12.1
46.0,7.0,442.42856,0.14285715,12.1
47.0,7.0,436.42856,0.14285715,12.1
48.0,7.0,430.42856,0.14285715,12.1
47.0,7.0,467.2857,0.14285715,12.1
49.0,7.0,461.2857,0.14285715,12.1
49.0,7.0,498.14285,0.14285715,12.1
50.0,7.0,513.5714,0.14285715,12.1
50.0,7.0,529.0,0.14285715,12.1
51.0,7.0,523.0,0.14285715,12.1
52.0,7.0,517.0,0.14285715,12.1
54.0,7.0,511.0,0.14285715,12.1
55.0,7.0,526.4286,0.14285715,12.1
55.0,7.0,541.8571,0.14285715,12.1
56.0,7.0,535.8571,0.14285715,12.1
57.0,7.0,529.8571,0.14285715,12.1
58.0,7.0,523.8571,0.14285715,12.1
59.0,7.0,517.8571,0.14285715,12.1
60.0,7.0,511.85715,0.14285715,12.1
59.0,7.0,548.7143,0.14285715,12.1
59.0,7.0,564.1429,0.14285715,12.1
60.0,7.0,558.1429,0.14285715,12.1
60.0,7.0,573.5714,0.14285715,12.1
62.0,7.0,567.5714,0.14285715,12.1
63.0,7.0,561.5714,0.14285715,12.1
64.0,7.0,555.5714,0.14285715,12.1
64.0,7.0,571.0,0.14285715,12.1
64.0,8.0,513.25,0.375,12.1
65.0,9.0,451.0,0.5555556,12.1
65.0,10.0,415.6,0.7,12.1
67.0,11.0,372.36365,0.8181818,12.1
67.0,12.0,360.91666,0.9166667,12.1
65.0,12.0,404.91666,0.9166667,12.1
64.0,12.0,423.91666,0.9166667,12.1
63.0,12.0,455.41666,0.9166667,12.1
61.0,12.0,486.91666,0.9166667,12.1
62.0,12.0,493.41666,0.9166667,12.1
60.0,12.0,524.9167,0.9166667,12.1
60.0,12.0,531.4167,0.9166667,12.1
62.0,11.0,574.0,1.0,11.97561
61.0,10.0,655.6,1.1,11.904762
61.0,10.0,664.6,1.1,11.904762
62.0,10.0,658.6,1.1,11.904762
63.0,10.0,667.6,1.1,11.904762
63.0,10.0,676.6,1.1,11.904762
64.0,9.0,746.1111,0.5555556,13.209302
64.0,9.0,756.7778,0.5555556,13.209302
64.0,9.0,767.44446,0.5555556,13.209302
66.0,9.0,761.44446,0.5555556,13.209302
66.0,9.0,772.1111,0.5555556,13.209302
66.0,9.0,782.7778,0.5555556,13.209302
67.0,9.0,776.7778,0.5555556,13.209302
68.0,9.0,770.7778,0.5555556,13.209302
68.0,9.0,781.44446,0.5555556,13.209302
69.0,9.0,775.44446,0.5555556,13.209302
70.0,9.0,769.44446,0.5555556,13.209302
70.0,9.0,780.1111,0.5555556,13.209302
70.0,9.0,790.7778,0.5555556,13.209302
71.0,9.0,784.7778,0.5555556,13.209302
70.0,9.0,828.7778,0.5555556,13.209302
69.0,9.0,856.1111,0.5555556,13.209302
68.0,9.0,883.44446,0.5555556,13.209302
69.0,9.0,877.44446,0.5555556,13.209302
69.0,9.0,888.1111,0.5555556,13.209302
70.0,9.0,882.1111,0.5555556,13.209302
69.0,9.0,909.44446,0.5555556,13.209302
68.0,9.0,936.7778,0.5555556,13.209302
69.0,9.0,947.44446,0.5555556,13.209302
69.0,9.0,958.1111,0.5555556,13.209302
71.0,9.0,952.1111,0.5555556,13.209302
71.0,9.0,962.7778,0.5555556,13.209302
71.0,9.0,973.44446,0.5555556,13.209302
72.0,9.0,967.44446,0.5555556,13.209302
72.0,9.0,978.1111,0.5555556,13.209302
73.0,9.0,972.1111,0.5555556,13.209302
75.0,9.0,966.1111,0.5555556,13.209302
76.0,10.0,879.2,0.7,13.209302
77.0,11.0,793.8182,0.8181818,13.209302
77.0,12.0,734.6667,0.9166667,13.209302
77.0,13.0,695.6923,1.0,13.209302
77.0,15.0,607.8,1.1333333,13.209302
78.0,17.0,531.05884,1.2352941,13.209302
78.0,20.0,453.85,1.35,13.209302
78.0,23.0,396.0,1.4347826,13.209302
76.0,27.0,348.8889,1.5185186,13.209302
77.0,29.0,319.27585,1.5517242,13.209302
73.0,31.0,317.25806,1.5806452,13.209302
71.0,34.0,301.47058,1.617647,13.209302
72.0,38.0,268.3684,1.6578947,13.209302
73.0,44.0,230.06818,1.7045455,13.209302
71.0,47.0,219.74467,1.8085107,12.844444
72.0,51.0,200.11765,1.862745,12.717391
71.0,56.0,185.01785,1.7678572,12.765958
69.0,62.0,169.0,1.7903225,12.765958
66.0,64.0,169.78125,1.828125,12.708333
62.0,63.0,178.80952,1.9206349,12.269231
62.0,68.0,164.52942,1.9264706,12.269231
59.0,73.0,158.19179,1.9863014,12.037037
56.0,78.0,152.5,1.9871795,11.793103
52.0,79.0,156.87341,2.1265824,11.276923
50.0,81.0,155.45679,2.0370371,11.397261
50.0,88.0,141.30682,1.9886364,12.105263
43.0,94.0,141.55319,2.0212767,12.024692
42.0,101.0,130.72278,1.970297,12.097561
38.0,109.0,123.82569,1.9724771,12.097561
35.0,118.0,114.11017,2.0,12.0
29.0,128.0,108.02344,1.9453125,12.093023
25.0,135.0,103.78519,2.0148149,11.771739
20.0,145.0,98.441376,2.0551724,11.610526
19.0,145.0,96.47586,2.0827587,11.454545
18.0,151.0,90.4106,2.0198677,13.325
17.0,163.0,81.25767,2.0490797,13.2
14.0,174.0,75.17816,2.0402298,13.183207
15.0,183.0,66.92896,2.0601094,12.992701
14.0,185.0,63.2973,2.091892,12.846666
16.0,195.0,54.723076,2.1435897,12.550632
15.0,191.0,52.764397,2.1780105,12.242775
10.0,191.0,52.759163,2.1256545,12.26087
10.0,183.0,51.174862,2.1857924,12.060302
6.0,178.0,52.241573,2.3089888,11.831776
7.0,175.0,47.65143,2.36,11.674008
8.0,173.0,43.51445,2.3352602,11.663865
9.0,163.0,41.760735,2.3619633,12.470818
8.0,146.0,44.431507,2.4726028,12.492857
8.0,125.0,49.176,2.472,12.704545
9.0,121.0,46.404957,2.4876032,12.734178
9.0,112.0,47.125,2.3839285,12.840979
11.0,102.0,46.284313,2.4411764,12.823009
12.0,95.0,45.821053,2.505263,12.808572
11.0,90.0,47.833332,2.4777777,12.857542
11.0,83.0,50.012047,2.4819276,12.861413
12.0,69.0,57.246376,2.6811595,12.833766
11.0,61.0,66.52459,2.7049181,12.905852
13.0,56.0,66.625,2.6964285,12.922111
15.0,49.0,70.67347,3.0204082,12.847291
17.0,46.0,69.63043,2.5434783,13.329268
19.0,42.0,70.52381,2.642857,13.315662
20.0,39.0,74.07692,2.5641026,13.350835
22.0,32.0,84.84375,2.4375,13.468384
22.0,31.0,91.67742,2.451613,13.489511
23.0,29.0,97.413795,2.5172415,13.506945
24.0,31.0,90.70968,2.419355,13.51963
26.0,32.0,82.28125,2.3125,13.589862
27.0,32.0,81.3125,2.28125,13.634482
26.0,29.0,99.413795,2.413793,13.691781
24.0,27.0,123.03704,2.4444444,13.695455
22.0,27.0,139.66667,2.5185184,13.739229
24.0,26.0,139.03847,2.6153846,13.717195
25.0,25.0,144.68,2.56,13.765237
27.0,20.0,175.35,3.0,13.700892
29.0,19.0,178.73685,3.1052632,13.685968
29.0,19.0,188.52632,3.1052632,13.685968
31.0,20.0,173.9,3.1,13.677778
31.0,23.0,152.60869,2.9565217,13.677778
31.0,25.0,147.28,2.96,13.718404
30.0,29.0,132.13792,2.8275862,13.718404
31.0,31.0,118.03226,2.7741935,13.718404
31.0,31.0,117.09677,2.7741935,13.767699
29.0,33.0,122.57576,2.7272727,13.767699
27.0,34.0,127.0,2.6176472,14.169603
26.0,38.0,120.1579,2.5526316,14.169603
24.0,40.0,123.475,2.525,14.169603
25.0,42.0,115.47619,2.5,14.169603
24.0,43.0,117.53488,2.511628,14.156044
26.0,44.0,109.5,2.5227273,14.135668
26.0,46.0,105.804344,2.5217392,14.216157
28.0,50.0,92.0,2.52,14.196078
26.0,51.0,93.666664,2.254902,14.290043
24.0,49.0,104.22449,2.2448978,14.379828
24.0,51.0,100.76471,2.1568627,14.464819
26.0,57.0,85.01755,2.1754386,14.446809
26.0,65.0,73.96923,2.1538463,14.446809
26.0,70.0,67.542854,2.1285715,14.443737
25.0,72.0,66.44444,2.0555556,14.50211
24.0,73.0,66.30137,2.1369863,14.466527
24.0,74.0,61.648647,2.0810812,14.555324
24.0,74.0,59.864864,2.054054,14.5625
22.0,74.0,62.148647,2.0810812,14.53527
21.0,71.0,65.46479,2.140845,14.480493
18.0,65.0,77.56923,2.3076923,14.412121
18.0,52.0,94.71154,2.4615386,14.413726
19.0,49.0,98.57143,2.6530612,14.3559
19.0,47.0,104.21277,2.5957446,14.442748
20.0,52.0,91.84615,2.5192308,14.466666
22.0,55.0,81.527275,2.5272727,14.464895
20.0,56.0,85.07143,2.517857,14.454545
18.0,55.0,91.72727,2.5636363,14.486793
17.0,54.0,95.75926,2.4074075,14.568738
18.0,50.0,100.74,2.26,14.712687
19.0,52.0,94.34615,2.2692308,14.711896
20.0,49.0,97.87755,2.2653062,14.680734
20.0,47.0,103.276596,2.4893618,14.620689
20.0,49.0,100.5102,2.6530612,14.543985
22.0,56.0,83.05357,2.5714285,14.540251
19.0,64.0,79.203125,2.5,14.540251
21.0,68.0,68.89706,2.4705882,14.540251
21.0,74.0,61.87838,2.4324324,14.540251
21.0,79.0,56.291138,2.3164556,14.567857
19.0,80.0,57.475,2.3875,14.525755
20.0,79.0,54.35443,2.455696,14.482332
21.0,75.0,53.626667,2.5333333,14.433566
23.0,72.0,50.40278,2.4722223,14.461938
21.0,67.0,57.58209,2.5522387,14.423932
23.0,58.0,61.327587,2.7413793,14.441276
22.0,52.0,71.71154,2.9230769,14.402318
23.0,46.0,79.08696,2.7391305,14.5269165
25.0,46.0,73.82609,2.5869565,14.551053
24.0,46.0,78.17391,2.5217392,14.582258
22.0,48.0,81.666664,2.5,14.582258
24.0,50.0,72.84,2.52,14.571659
24.0,49.0,74.918365,2.5510204,14.573718
26.0,46.0,74.108696,2.6956522,14.530254
27.0,45.0,73.37778,2.8,14.504762
27.0,38.0,89.052635,2.8947368,14.530612
27.0,35.0,99.57143,2.857143,14.547582
29.0,35.0,93.85714,2.9142857,14.537383
29.0,34.0,95.26471,3.0588236,14.51708
30.0,34.0,93.911766,2.8235295,14.556589
31.0,33.0,96.36364,2.7575758,14.553846
31.0,35.0,94.22857,2.7142856,14.559816
33.0,37.0,83.72973,2.6756756,14.551302
33.0,39.0,81.69231,2.6410255,14.545872
33.0,39.0,83.53846,2.6923077,14.558779
32.0,39.0,85.51282,2.7435896,14.560976
31.0,40.0,85.05,2.725,14.560976
30.0,40.0,86.725,2.775,14.584475
31.0,38.0,89.57895,2.9736843,14.540909
33.0,35.0,91.62857,3.2285714,14.522591
33.0,32.0,99.375,3.28125,14.583833
33.0,29.0,109.586205,3.5517242,14.559524
35.0,28.0,108.25,3.5,14.573334
35.0,27.0,112.18519,3.1111112,14.657311
36.0,25.0,115.68,3.24,14.710294
36.0,27.0,112.666664,3.148148,14.710294
36.0,27.0,118.25926,3.0370371,14.766862
35.0,26.0,128.84616,2.6153846,14.802631
34.0,27.0,129.44444,2.5925925,14.802631
34.0,27.0,134.81482,2.5925925,14.816058
34.0,27.0,134.66667,2.6666667,14.804665
35.0,28.0,124.39286,2.7142856,14.8034935
35.0,28.0,124.57143,2.857143,14.815942
36.0,31.0,112.0,2.7741935,14.815942
34.0,32.0,116.75,2.75,14.815942
35.0,30.0,118.7,2.5333333,14.855492
36.0,28.0,121.35714,2.5714285,14.842939
37.0,28.0,120.71429,2.5714285,14.842939
37.0,28.0,120.39286,2.642857,14.827338
38.0,26.0,129.92308,2.9230769,14.7851
38.0,25.0,141.84,2.92,14.766048
38.0,22.0,163.45454,2.7727273,14.756374
36.0,23.0,170.60869,2.826087,14.746818
36.0,25.0,163.92,2.8,14.771187
36.0,27.0,152.18518,2.8148148,14.765867
35.0,31.0,141.90323,2.7096775,14.765867
35.0,34.0,132.79411,2.6470587,14.765867
37.0,37.0,116.86487,2.2162163,14.954929
35.0,40.0,113.8,2.2,14.954929
35.0,39.0,119.20513,2.3333333,14.914566
35.0,40.0,117.875,2.325,14.914566
35.0,41.0,116.46342,2.317073,14.914566
36.0,43.0,108.83721,2.3023255,14.914566
35.0,44.0,111.181816,2.3636363,14.891062
36.0,44.0,109.204544,2.340909,14.916551
34.0,44.0,117.27273,2.4318182,14.893204
35.0,38.0,134.55263,2.6578948,14.821673
36.0,35.0,144.88571,2.7714286,14.840382
34.0,35.0,156.2,2.8285713,14.833788
35.0,36.0,146.30556,2.8611112,14.858503
35.0,40.0,133.8,2.775,14.858503
36.0,41.0,128.60976,2.7560976,14.860054
35.0,42.0,130.7381,2.7619047,14.92954
33.0,43.0,132.60464,2.6976745,14.993234
34.0,45.0,121.68889,2.7333333,14.967655
33.0,48.0,115.3125,2.5416667,15.022819
29.0,48.0,125.75,2.5416667,15.033378
29.0,52.0,116.34615,2.5,15.033378
28.0,53.0,114.41509,2.528302,15.007978
28.0,56.0,105.46429,2.517857,15.001328
27.0,58.0,104.25862,2.6034484,14.982804
26.0,62.0,99.354836,2.596774,14.969617
25.0,65.0,94.30769,2.676923,14.914699
27.0,70.0,82.685715,2.6571429,14.877444
27.0,79.0,71.96203,2.6329114,14.853056
28.0,79.0,68.53165,2.506329,14.883871
30.0,81.0,61.23457,2.506173,14.875161
28.0,84.0,58.845238,2.4404762,14.920411
27.0,90.0,54.41111,2.4333334,14.90641
25.0,87.0,55.793102,2.505747,14.853689
22.0,83.0,59.987953,2.6385543,14.787879
23.0,71.0,66.49296,2.943662,14.684079
23.0,67.0,69.477615,2.880597,14.679408
23.0,67.0,68.402985,2.9402986,14.649079
22.0,68.0,68.60294,2.985294,14.628362
23.0,66.0,67.48485,3.1363637,14.57767
25.0,63.0,65.57143,3.0317461,14.683894
24.0,63.0,67.492065,2.3333333,14.881862
24.0,62.0,68.064514,2.387097,14.862396
25.0,66.0,60.78788,2.378788,14.855451
24.0,66.0,62.015152,2.439394,14.859504
24.0,67.0,60.0597,2.4925373,14.832941
26.0,65.0,56.338463,2.4307692,14.860819
27.0,67.0,51.22388,2.4179103,14.852804
23.0,66.0,60.196968,2.560606,14.816492
23.0,62.0,63.451614,2.6935484,14.775346
22.0,60.0,67.55,2.8,14.7548685
23.0,55.0,71.454544,2.8545454,14.783692
25.0,58.0,62.37931,2.775862,14.79209
24.0,59.0,63.57627,2.559322,14.805399
24.0,57.0,62.7193,2.2982457,14.895857
25.0,56.0,60.67857,2.3392856,14.901676
22.0,55.0,66.74545,2.3818183,14.891741
21.0,51.0,75.254906,2.5490196,14.861419
22.0,52.0,71.05769,2.4615386,14.878319
22.0,47.0,80.06383,2.8085105,14.805038
24.0,47.0,74.76596,2.5531914,14.875682
24.0,45.0,79.71111,2.3333333,14.951246
25.0,43.0,81.34884,2.2093024,15.010787
22.0,41.0,98.04878,2.195122,15.029033
21.0,41.0,103.02439,2.195122,15.029033
22.0,41.0,100.902435,2.0731707,15.071965
23.0,42.0,92.809525,2.1190476,15.062232
24.0,41.0,93.29269,2.2682927,15.029946
25.0,38.0,99.10526,2.4736843,15.012766
25.0,37.0,105.189186,2.4864864,14.987302
26.0,37.0,103.78378,2.5675676,14.996832
25.0,36.0,113.5,2.5277777,15.003161
23.0,37.0,120.83784,2.5135136,15.003161
24.0,37.0,119.08108,2.5675676,14.993684
23.0,37.0,125.45946,2.6216216,14.982124
22.0,37.0,131.89189,2.5945945,14.987395
22.0,35.0,142.65715,2.7142856,14.972803
24.0,37.0,129.59459,2.7297297,14.970742
25.0,38.0,120.76316,2.5789473,14.976017
26.0,42.0,107.666664,2.5714285,14.966666
27.0,45.0,98.55556,2.6,14.953222
28.0,48.0,90.125,2.5,14.956387
28.0,51.0,85.05882,2.4705882,14.956387
25.0,56.0,82.73214,2.4285715,14.956387
26.0,58.0,77.01724,2.4827585,14.940932
25.0,59.0,77.77966,2.5762713,14.915289
27.0,61.0,69.91803,2.4918032,14.927909
25.0,63.0,69.52381,2.3809524,14.946612
23.0,65.0,68.90769,2.4,14.930399
22.0,64.0,71.640625,2.453125,14.9246435
23.0,56.0,78.92857,2.642857,14.924242
20.0,55.0,88.34545,2.5454545,14.922457
22.0,54.0,84.388885,2.5370371,14.951856
23.0,54.0,81.90741,2.425926,15.006986
23.0,52.0,85.25,2.5961537,14.968191
22.0,53.0,86.54717,2.6037736,14.955358
22.0,47.0,98.76596,2.7021277,14.914371
22.0,49.0,95.53061,2.7551022,14.901768
21.0,53.0,91.43396,2.6037736,14.924436
21.0,53.0,91.471695,2.6226416,14.918707
22.0,53.0,88.471695,2.6226416,14.937378
24.0,51.0,86.23529,2.745098,14.907408
22.0,51.0,92.29412,2.8039215,14.894941
23.0,50.0,88.9,2.7,14.914811
21.0,54.0,88.01852,2.5925925,14.916828
20.0,56.0,87.94643,2.3035715,14.984601
19.0,57.0,89.0,2.3508773,14.973154
16.0,57.0,96.52631,2.4385965,14.956023
17.0,59.0,90.52542,2.4237287,14.987607
17.0,62.0,85.3871,2.3387096,15.013333
17.0,61.0,86.36066,2.2295082,15.077725
18.0,63.0,80.38095,2.079365,15.115421
19.0,66.0,73.954544,2.0757575,15.0960455
20.0,72.0,64.833336,2.1388888,15.071362
19.0,75.0,62.706665,2.1066666,15.0806
18.0,74.0,64.27027,2.2027028,15.037279
17.0,74.0,64.567566,2.162162,15.043721
16.0,72.0,66.875,2.1111112,15.058441
16.0,72.0,65.125,2.0833333,15.0713625
17.0,68.0,65.47059,2.2058823,15.035978
19.0,65.0,62.753845,2.2769232,15.01011
19.0,55.0,74.07273,2.5454545,14.945405
19.0,48.0,85.729164,2.6041667,14.963899
20.0,47.0,85.297874,2.7021277,14.945094
21.0,43.0,91.674416,2.8372092,14.923077
20.0,41.0,101.29269,2.6585367,14.950045
20.0,39.0,108.38461,2.6666667,14.947462
22.0,38.0,105.5,2.5789473,14.958222
20.0,39.0,112.53846,2.5384614,14.973357
21.0,38.0,114.052635,2.3421052,15.025686
19.0,37.0,127.72973,2.5135136,14.998233
20.0,37.0,126.45946,2.3513513,15.031718
21.0,35.0,132.48572,2.1142857,15.0535555
23.0,38.0,116.552635,2.1052632,15.0535555
23.0,38.0,118.92105,2.1842105,15.04908
25.0,39.0,110.051285,2.1794872,15.04908
27.0,40.0,101.85,2.275,15.030622
25.0,43.0,103.16279,2.2558138,15.030622
23.0,43.0,108.25581,2.1860466,15.022688
25.0,45.0,97.977776,2.2,15.018309
22.0,43.0,111.023254,2.3953488,14.986968
24.0,46.0,98.195656,2.3695652,14.986968
22.0,45.0,108.111115,2.3555555,15.004333
20.0,51.0,101.92157,2.3137255,15.004333
22.0,51.0,96.94118,2.509804,14.9965515
24.0,58.0,80.086205,2.4310346,14.993971
24.0,58.0,80.32758,2.2586207,15.065981
25.0,60.0,74.666664,2.2666667,15.057314
24.0,64.0,71.4375,2.25,15.057314
25.0,67.0,64.86567,2.238806,15.052992
24.0,69.0,63.826088,2.2463768,15.047822
24.0,68.0,63.441177,2.3235295,15.027257
23.0,68.0,64.30882,2.3529413,15.013605
19.0,64.0,76.796875,2.453125,14.977158
20.0,58.0,82.086205,2.6551723,14.939547
21.0,53.0,87.41509,2.6415095,14.937448
20.0,52.0,92.28846,2.6538463,14.931837
18.0,49.0,104.71429,2.7346938,14.928866
19.0,48.0,104.645836,2.9166667,14.901896
19.0,51.0,98.86275,2.8823528,14.897859
20.0,52.0,94.30769,2.7115386,14.92352
19.0,51.0,99.411766,2.627451,14.958982
18.0,52.0,100.61539,2.6346154,14.959869
20.0,56.0,88.05357,2.625,14.952537
20.0,57.0,86.12281,2.6666667,14.941994
20.0,59.0,82.94915,2.7288136,14.92502
21.0,61.0,77.0,2.6557376,14.974755
20.0,61.0,79.22951,2.7704918,14.946515
22.0,64.0,70.390625,2.8125,14.924879
24.0,66.0,63.121212,2.560606,14.956556
25.0,66.0,60.030304,2.6515152,14.928686
26.0,68.0,52.57353,2.6470587,14.926341
27.0,66.0,48.363636,2.6666667,14.92492
24.0,68.0,52.308823,2.6764705,14.9225855
21.0,65.0,60.49231,2.8,14.894193
21.0,61.0,63.57377,2.918033,14.914421
21.0,52.0,75.11539,3.3846154,14.846033
22.0,45.0,84.55556,3.3555555,14.918033
19.0,42.0,103.14286,3.2380953,14.919907
20.0,37.0,115.78378,3.0810812,14.948142
19.0,34.0,133.70589,3.1470587,14.977623
21.0,34.0,128.14706,3.0882354,14.986133
21.0,35.0,127.85714,3.1714287,14.971539
22.0,38.0,116.18421,3.0789473,14.971539
23.0,39.0,111.97436,2.4102564,15.068304
24.0,45.0,95.48889,2.2666667,15.082822
24.0,49.0,88.32653,2.2448978,15.082822
23.0,52.0,86.25,2.2307692,15.082822
25.0,55.0,75.89091,2.2181818,15.082822
23.0,56.0,79.53571,2.1964285,15.088889
23.0,57.0,77.68421,2.2280703,15.080399
24.0,57.0,75.26316,2.3859649,15.064024
24.0,56.0,76.5,2.375,15.06003
22.0,55.0,83.30909,2.4363637,15.07197
21.0,58.0,81.465515,2.5,15.058201
21.0,61.0,74.68852,2.5081968,15.04374
21.0,63.0,71.69841,2.2857144,15.1113615
23.0,58.0,72.32758,2.1551723,15.142323
22.0,58.0,74.55173,2.189655,15.142003
23.0,54.0,77.24074,1.962963,15.193597
20.0,56.0,79.55357,2.0,15.185267
20.0,56.0,79.66071,2.142857,15.16086
18.0,56.0,85.21429,2.2142856,15.161624
18.0,56.0,85.5,2.267857,15.145481
19.0,60.0,77.083336,2.25,15.141496
20.0,61.0,72.72131,2.2459016,15.135432
18.0,62.0,75.451614,2.2580645,15.1470375
18.0,62.0,74.435486,2.2903225,15.138889
20.0,56.0,76.83929,2.5,15.104651
20.0,54.0,79.64815,2.5,15.102174
20.0,50.0,86.38,2.62,15.083755
21.0,44.0,95.97727,2.8636363,15.0452585
19.0,40.0,114.95,2.825,15.041517
21.0,39.0,112.128204,2.871795,15.033595
23.0,40.0,103.775,2.95,15.0185585
23.0,38.0,111.8421,3.2368422,15.002133
23.0,38.0,114.23684,3.0526316,15.014205
23.0,36.0,123.72222,2.8888888,15.042493
25.0,36.0,118.22222,2.8333333,15.042433
25.0,36.0,120.55556,2.8333333,15.042433
25.0,35.0,122.4,2.9142857,15.035336
25.0,35.0,125.57143,3.0,15.035992
27.0,33.0,127.545456,2.878788,15.054225
27.0,33.0,131.36363,2.8181818,15.0548525
28.0,31.0,139.7742,3.1290324,15.028731
29.0,31.0,139.54839,3.096774,15.063637
30.0,33.0,130.39394,2.939394,15.067086
30.0,32.0,137.9375,3.0,15.064246
28.0,34.0,142.14706,2.735294,15.092813
28.0,37.0,133.56757,2.4864864,15.106694
26.0,41.0,129.78049,2.4390244,15.106694
27.0,43.0,121.790695,2.4651163,15.100348
27.0,45.0,117.48889,2.488889,15.094011
25.0,44.0,128.06818,2.5,15.098748
23.0,46.0,129.82608,2.4782608,15.098748
23.0,45.0,133.6,2.5555556,15.092361
24.0,46.0,128.10869,2.5434783,15.092361
25.0,45.0,128.53334,2.6,15.081138
27.0,44.0,125.84091,2.75,15.0609
26.0,43.0,133.72093,2.8837209,15.04627
26.0,41.0,141.95122,3.0,15.035149
27.0,37.0,155.91891,2.7567568,15.059752
29.0,36.0,154.5,2.8055556,15.054184
29.0,35.0,161.57143,2.8285713,15.052776
30.0,34.0,164.79411,2.9117646,15.045891
28.0,33.0,182.0,2.909091,15.055442
28.0,30.0,204.43333,3.1,15.0403
29.0,29.0,211.24138,2.7931035,15.098841
29.0,31.0,201.67741,2.7419355,15.098841
31.0,35.0,173.31429,2.6571429,15.098841
33.0,38.0,154.57895,2.5263157,15.104834
31.0,43.0,145.55814,2.2093024,15.167347
31.0,46.0,137.04347,2.1956522,15.167347
30.0,50.0,126.64,2.18,15.167347
29.0,54.0,117.27778,2.1666667,15.167347
28.0,55.0,114.70909,2.1636364,15.167347
28.0,56.0,112.39286,2.232143,15.152853
29.0,59.0,103.71186,2.1355932,15.194161
25.0,62.0,105.370964,2.1451614,15.185084
25.0,66.0,98.257576,2.2272727,15.167794
25.0,67.0,96.1194,2.2089553,15.151045
24.0,68.0,95.75,2.2794118,15.138627
21.0,71.0,96.80282,2.2535212,15.131048
20.0,75.0,90.2,2.2933333,15.1389265
20.0,80.0,82.9,2.275,15.130697
19.0,84.0,78.97619,2.202381,15.158422
16.0,88.0,76.806816,2.2386363,15.143429
17.0,93.0,69.247314,2.2903225,15.118937
18.0,91.0,67.40659,2.2197802,15.149835
18.0,95.0,62.210526,2.2421052,15.13975
14.0,97.0,64.75258,2.3195877,15.112352
15.0,97.0,60.896908,2.2680411,15.147251
16.0,95.0,58.43158,2.1578948,15.180339
17.0,98.0,51.132652,2.132653,15.191033
13.0,96.0,54.364582,2.1875,15.172279
12.0,90.0,57.38889,2.2777777,15.163554
13.0,80.0,61.175,2.275,15.155172
13.0,75.0,63.76,2.3333333,15.125159
13.0,68.0,69.382355,2.1764705,15.202021
13.0,69.0,65.21739,2.231884,15.192696
11.0,72.0,63.319443,2.2777777,15.176619
12.0,65.0,67.30769,2.5538461,15.122271
13.0,64.0,65.265625,2.625,15.107587
14.0,65.0,61.0,2.476923,15.127951
14.0,66.0,59.136364,2.378788,15.130192
16.0,66.0,53.772728,2.3939395,15.118665
17.0,61.0,52.639343,2.442623,15.096616
17.0,58.0,54.87931,2.5689654,15.109816
16.0,53.0,62.88679,2.490566,15.12775
17.0,51.0,62.72549,2.3921568,15.160366
18.0,52.0,58.865383,2.4615386,15.151645
19.0,48.0,61.729168,2.6666667,15.116434
19.0,44.0,68.931816,2.3181818,15.157004
21.0,45.0,61.866665,2.4,15.149578
20.0,43.0,69.65116,2.2093024,15.155328
20.0,42.0,72.52381,2.2619047,15.148616
22.0,40.0,70.275,2.375,15.143029
22.0,36.0,80.69444,2.3333333,15.14988
23.0,31.0,92.80645,2.580645,15.139271
23.0,29.0,98.793106,2.7931035,15.136038
24.0,27.0,106.111115,3.0,15.122096
25.0,25.0,115.24,3.24,15.108799
24.0,22.0,146.04546,3.3636363,15.130564
23.0,23.0,147.04347,3.3043478,15.130564
25.0,24.0,135.16667,3.25,15.130564
26.0,25.0,124.32,3.04,15.160735
28.0,25.0,118.64,3.08,15.167161
27.0,24.0,136.45833,3.1666667,15.170616
23.0,23.0,175.52174,3.3043478,15.165187
23.0,22.0,191.36363,3.409091,15.160947
23.0,22.0,199.0,3.409091,15.160947
23.0,21.0,217.19048,3.6666667,15.150118
25.0,21.0,211.57143,3.4285715,15.166568
27.0,22.0,196.72728,3.1818182,15.187721
29.0,24.0,174.83333,3.0833333,15.187721
29.0,24.0,182.16667,2.875,15.214033
30.0,28.0,156.46428,2.75,15.214033
29.0,33.0,141.33333,2.6363637,15.214033
31.0,36.0,124.111115,2.5833333,15.214033
30.0,39.0,120.61539,2.5384614,15.214033
31.0,42.0,110.02381,2.5,15.214033
30.0,43.0,108.60465,2.488372,15.214033
32.0,44.0,100.27273,2.4772727,15.214033
30.0,45.0,105.755554,2.511111,15.2080145
30.0,45.0,107.13333,2.6888888,15.187537
30.0,45.0,108.31111,2.8,15.171362
30.0,45.0,109.73333,2.8444445,15.162764
29.0,45.0,111.2,2.8444445,15.169293
29.0,47.0,107.82979,2.8510637,15.159674
30.0,50.0,98.72,2.8,15.159674
28.0,55.0,95.63636,2.7818182,15.151921
28.0,60.0,84.833336,2.6833334,15.149506
25.0,64.0,83.46875,2.5,15.183721
26.0,67.0,76.70149,2.522388,15.173534
24.0,72.0,74.236115,2.4861112,15.169953
24.0,73.0,71.61644,2.5068493,15.163963
24.0,73.0,69.84931,2.5342467,15.158657
25.0,70.0,69.328575,2.6142857,15.139146
22.0,66.0,79.242424,2.7121212,15.127231
23.0,62.0,81.19355,2.7096775,15.126219
23.0,56.0,89.55357,2.9107144,15.108062
23.0,48.0,105.416664,2.8958333,15.117112
24.0,48.0,103.229164,2.9583333,15.104935
26.0,49.0,96.12245,2.9795918,15.089367
27.0,55.0,83.38182,2.8181818,15.08757
27.0,58.0,78.93104,2.775862,15.078398
27.0,61.0,74.70492,2.442623,15.150901
27.0,64.0,70.3125,2.4375,15.148565
28.0,67.0,63.701492,2.4179103,15.148565
28.0,67.0,62.402985,2.4179103,15.161326
27.0,68.0,60.088234,2.4411764,15.156179
25.0,64.0,65.109375,2.578125,15.132773
23.0,61.0,70.18033,2.7049181,15.12905
21.0,56.0,81.83929,2.75,15.150723
22.0,53.0,84.15094,2.54717,15.166205
24.0,54.0,77.72222,2.6666667,15.149171
22.0,54.0,83.55556,2.7222223,15.1455345
22.0,55.0,81.87273,2.7818182,15.136013
20.0,53.0,90.43396,2.54717,15.270478
20.0,53.0,90.22642,2.528302,15.268132
19.0,52.0,95.03846,2.5961537,15.268787
17.0,50.0,105.06,2.68,15.268346
15.0,51.0,109.29412,2.6862745,15.260941
16.0,52.0,104.51923,2.7307692,15.252459
15.0,51.0,109.76471,2.7843137,15.243317
16.0,47.0,116.6383,2.7234042,15.281828
17.0,45.0,119.62222,2.8444445,15.268729
19.0,41.0,125.65854,2.7804878,15.2734165
18.0,40.0,134.45,2.575,15.305406
19.0,39.0,136.71794,2.7435896,15.289488
19.0,41.0,132.02438,2.1707318,15.344642
19.0,45.0,121.666664,2.1777778,15.340151
20.0,48.0,111.791664,2.1666667,15.346423
22.0,49.0,103.65306,2.1632652,15.346423
24.0,50.0,95.7,2.16,15.346423
24.0,50.0,95.7,2.16,15.346423
21.0,51.0,99.90196,2.1960785,15.34086
22.0,50.0,99.9,2.36,15.313505
24.0,47.0,101.3617,2.5531914,15.284418
25.0,47.0,99.3617,2.4468086,15.320383
23.0,48.0,101.354164,2.375,15.325717
24.0,52.0,91.07692,2.3846154,15.320765
25.0,56.0,81.85714,2.392857,15.316879
23.0,55.0,88.58182,2.4,15.322205
21.0,55.0,93.781815,2.3090909,15.347803
23.0,57.0,84.70175,2.2982457,15.347803
22.0,53.0,94.13207,2.509434,15.3234825
23.0,52.0,90.34615,2.6538463,15.303844
25.0,51.0,86.78432,2.8431373,15.295693
26.0,49.0,88.38776,2.7551022,15.300366
27.0,52.0,78.07692,2.6153846,15.299895
28.0,52.0,75.67308,2.6346154,15.2883215
25.0,50.0,87.82,2.72,15.28125
27.0,49.0,83.77551,2.4489796,15.307492
27.0,48.0,82.958336,2.5416667,15.2972975
23.0,48.0,92.958336,2.4583333,15.306853
23.0,43.0,104.93023,2.5813954,15.293113
22.0,42.0,112.2381,2.4285715,15.316253
20.0,37.0,138.8108,2.5675676,15.304482
22.0,37.0,133.48648,2.7027028,15.29321
22.0,35.0,144.6,2.6571429,15.323756
22.0,39.0,132.3077,2.6410255,15.318461
23.0,42.0,121.02381,2.5238094,15.319324
23.0,42.0,122.57143,2.5714285,15.3149
24.0,42.0,120.52381,2.5238094,15.316624
25.0,44.0,112.75,2.5,15.316624
25.0,46.0,105.391304,2.4782608,15.316624
25.0,49.0,96.38776,2.4489796,15.316624
24.0,52.0,94.07692,2.4423077,15.314928
22.0,54.0,96.333336,2.4814816,15.306436
21.0,52.0,103.63461,2.6153846,15.288549
19.0,54.0,105.333336,2.574074,15.286877
17.0,57.0,104.82456,2.5614035,15.284189
18.0,57.0,101.73684,2.631579,15.275775
19.0,57.0,98.59649,2.4736843,15.331811
20.0,57.0,95.50877,2.491228,15.3259
20.0,55.0,98.90909,2.490909,15.327769
20.0,54.0,100.48148,2.5555556,15.317838
18.0,50.0,115.1,2.8,15.291183
18.0,48.0,120.541664,2.8125,15.290095
18.0,47.0,124.14893,2.9787233,15.274962
18.0,46.0,127.891304,3.0217392,15.2700405
18.0,44.0,135.36363,2.7272727,15.343828
20.0,41.0,139.63414,2.8292682,15.334663
18.0,41.0,148.70732,2.8536584,15.3467865
18.0,46.0,133.76086,2.7608695,15.3467865
18.0,49.0,123.14286,2.7551022,15.342132
18.0,52.0,116.15385,2.7115386,15.342132
18.0,55.0,109.8,2.6545455,15.340467
14.0,57.0,116.36842,2.6842105,15.335654
16.0,55.0,114.8,2.7818182,15.325223
18.0,54.0,111.14815,2.8703704,15.316964
17.0,54.0,113.48148,2.8703704,15.316964
17.0,49.0,125.42857,3.0204082,15.30381
18.0,46.0,131.06522,3.1086957,15.302372
18.0,42.0,145.40475,3.3095238,15.300492
18.0,40.0,155.275,3.025,15.33055
18.0,41.0,153.53659,3.0731707,15.320255
17.0,43.0,151.53488,3.0465117,15.315532
19.0,46.0,136.58696,2.7826087,15.32681
21.0,52.0,115.61539,2.6923077,15.32681
22.0,53.0,110.679245,2.528302,15.357283
22.0,55.0,106.509094,2.4545455,15.370787
20.0,58.0,105.68965,2.4310346,15.370787
19.0,61.0,102.327866,2.409836,15.375488
19.0,64.0,94.421875,2.4375,15.371707
18.0,62.0,99.048386,2.580645,15.351996
16.0,60.0,106.75,2.65,15.3474245
17.0,60.0,103.55,2.65,15.341747
16.0,58.0,109.12069,2.7413793,15.332041
16.0,53.0,119.58491,2.7735848,15.336715
17.0,53.0,117.01887,2.8679245,15.321118
17.0,56.0,110.94643,2.7857144,15.323062
17.0,61.0,101.63934,2.7868853,15.314423
17.0,65.0,94.723076,2.8,15.304849
17.0,66.0,92.72727,2.8030303,15.300287
19.0,73.0,78.65753,2.4246576,15.355024
19.0,81.0,69.34568,2.4074075,15.351506
21.0,90.0,57.155556,2.3777778,15.353728
19.0,91.0,57.494507,2.4395604,15.339857
19.0,91.0,54.857143,2.4615386,15.334447
17.0,87.0,58.632183,2.505747,15.329686
14.0,86.0,60.686047,2.6046512,15.308021
15.0,84.0,58.32143,2.6309524,15.294842
17.0,72.0,62.76389,2.7361112,15.277256
18.0,63.0,68.77778,3.015873,15.235981
17.0,58.0,77.17242,3.137931,15.256517
17.0,54.0,83.111115,3.0370371,15.266017
18.0,55.0,78.90909,2.9636364,15.286973
18.0,56.0,77.26786,3.0,15.281611
20.0,55.0,73.2,2.9636364,15.304207
19.0,56.0,74.46429,2.9107144,15.306556
19.0,50.0,83.9,3.1,15.299586
20.0,50.0,81.08,3.14,15.296228
21.0,48.0,82.104164,3.2291667,15.292011
22.0,46.0,83.28261,3.2173913,15.308574
20.0,45.0,92.71111,3.088889,15.332111
22.0,41.0,96.21951,2.9756098,15.403108
21.0,41.0,101.65854,3.0731707,15.396347
21.0,39.0,109.128204,3.2051282,15.398359
20.0,39.0,115.07692,3.2051282,15.395264
21.0,40.0,110.325,3.2,15.393719
20.0,42.0,110.59524,2.2857144,15.472487
20.0,45.0,104.577774,2.3111112,15.46909
19.0,45.0,109.22222,2.3777778,15.471629
20.0,46.0,104.78261,2.2608695,15.492293
21.0,48.0,98.3125,2.2083333,15.492531
21.0,53.0,86.49056,2.1886792,15.492531
21.0,58.0,79.13793,2.224138,15.496156
19.0,59.0,82.59322,2.2881355,15.485546
20.0,63.0,74.492065,2.2857144,15.478339
21.0,66.0,67.93939,2.2727273,15.475654
20.0,70.0,62.82857,2.2,15.480396
21.0,73.0,54.657536,2.2191782,15.476126
20.0,76.0,52.88158,2.2631578,15.468047
20.0,78.0,49.679485,2.2435896,15.470535
20.0,72.0,52.430557,2.4166667,15.442403
19.0,61.0,63.786884,2.442623,15.447169
19.0,55.0,70.41818,2.2727273,15.495331
18.0,49.0,82.42857,2.4693878,15.475388
19.0,47.0,83.44681,2.319149,15.495571
20.0,42.0,91.40476,2.3809524,15.491166
20.0,38.0,103.5,2.5789473,15.4751
21.0,33.0,118.393936,2.7272727,15.465494
22.0,33.0,117.21212,2.7878788,15.462214
24.0,32.0,114.875,2.65625,15.474748
24.0,30.0,126.8,2.2,15.525
21.0,30.0,146.4,2.2333333,15.527607
22.0,31.0,141.03226,2.2903225,15.53088
22.0,33.0,136.12122,2.3333333,15.525832
22.0,31.0,149.35484,2.516129,15.530157
24.0,32.0,139.0625,2.375,15.531673
26.0,32.0,133.34375,2.40625,15.529258
28.0,32.0,127.5625,2.46875,15.5299
29.0,33.0,122.42424,2.4545455,15.5299
28.0,32.0,134.5625,2.59375,15.520279
29.0,31.0,138.06451,2.7419355,15.510675
28.0,28.0,163.32143,2.9285715,15.498043
29.0,27.0,169.77777,2.6296296,15.51868
30.0,26.0,176.92308,2.6153846,15.525813
32.0,29.0,153.27586,2.5517242,15.525813
32.0,31.0,142.6129,2.516129,15.525813
33.0,33.0,128.39394,2.4848485,15.525813
33.0,37.0,113.21622,2.4324324,15.525813
33.0,40.0,103.225,2.325,15.555074
30.0,42.0,107.04762,2.357143,15.550065
31.0,45.0,94.666664,2.3333333,15.554353
27.0,46.0,103.565216,2.1304348,15.586505
29.0,47.0,95.97872,2.1276596,15.5821085
26.0,46.0,108.63043,2.1956522,15.575994
26.0,48.0,104.625,2.1875,15.575994
26.0,49.0,102.85714,2.0204082,15.591713
25.0,50.0,104.26,1.9,15.614058
25.0,52.0,100.42308,1.9423077,15.609483
26.0,53.0,96.0,1.981132,15.614292
26.0,51.0,100.72549,2.1568627,15.590987
27.0,50.0,100.42,2.16,15.579443
27.0,52.0,97.13461,2.1538463,15.580411
27.0,53.0,95.20755,2.1886792,15.578452
22.0,54.0,107.14815,2.148148,15.581197
22.0,53.0,108.962265,2.1698112,15.577711
21.0,52.0,114.17308,2.0192308,15.584648
21.0,50.0,119.42,1.94,15.608936
22.0,49.0,119.591835,2.1020408,15.593458
20.0,49.0,126.34694,2.0612245,15.60034
21.0,47.0,129.29787,1.7659575,15.617958
21.0,44.0,139.52272,1.8636364,15.605241
20.0,42.0,151.2381,1.9761904,15.596876
20.0,43.0,148.8372,1.9767442,15.596876
21.0,43.0,146.48837,2.0232558,15.59789
22.0,44.0,140.70454,2.0227273,15.59789
23.0,42.0,145.5,2.047619,15.588458
24.0,42.0,143.57143,2.1666667,15.582667
23.0,42.0,145.30952,2.0714285,15.578571
23.0,47.0,131.17021,2.06383,15.576826
21.0,53.0,122.73585,2.0566037,15.576343
19.0,58.0,117.24138,2.086207,15.572746
19.0,61.0,108.22951,2.081967,15.572746
19.0,65.0,100.56923,2.0769231,15.572746
21.0,65.0,95.01538,2.0769231,15.579984
19.0,70.0,89.185715,2.1,15.575136
19.0,72.0,85.5,2.1944444,15.558295
18.0,74.0,81.689186,2.1891892,15.549666
17.0,78.0,78.10256,2.1794872,15.545
17.0,76.0,78.802635,2.2368422,15.5348835
16.0,80.0,73.15,2.2625,15.529461
16.0,84.0,67.940475,2.2857144,15.51947
15.0,84.0,67.67857,2.0833333,15.536807
15.0,84.0,65.45238,2.1190476,15.530579
13.0,85.0,66.04706,2.0705884,15.562939
13.0,85.0,62.282352,2.0470588,15.562423
14.0,80.0,62.6,2.15,15.53982
13.0,78.0,64.46154,2.2564104,15.529267
12.0,71.0,72.45071,2.1971831,15.568987
11.0,70.0,74.671425,2.2571428,15.553572
10.0,72.0,73.458336,2.2222223,15.545786
10.0,69.0,75.840576,2.1304348,15.560581
10.0,69.0,74.42029,2.1014493,15.562551
11.0,68.0,71.838234,2.1470587,15.558064
13.0,68.0,66.04412,2.2058823,15.553183
14.0,64.0,67.046875,2.296875,15.534967
15.0,62.0,65.69355,2.3064516,15.529317
16.0,50.0,79.44,2.54,15.4990015
17.0,45.0,86.111115,2.088889,15.55002
18.0,39.0,98.0,2.0512822,15.541517
18.0,37.0,105.89189,2.162162,15.531932
20.0,35.0,106.48572,2.0857143,15.5449505
22.0,34.0,104.35294,2.0,15.543908
23.0,34.0,103.088234,2.0294118,15.540925
23.0,32.0,113.40625,1.90625,15.551738
21.0,33.0,122.666664,1.969697,15.547177
19.0,34.0,131.20589,2.0294118,15.543409
19.0,32.0,143.21875,1.9375,15.562475
21.0,33.0,133.09091,1.939394,15.562475
22.0,33.0,131.90909,2.0,15.558707
23.0,32.0,134.90625,2.0625,15.557874
25.0,31.0,133.35484,2.032258,15.559622
24.0,29.0,147.0,2.1034484,15.560755
23.0,28.0,157.35715,2.142857,15.55835
22.0,28.0,162.82143,2.2142856,15.554378
23.0,31.0,146.58064,2.1935484,15.554378
24.0,34.0,132.82353,2.235294,15.550236
26.0,37.0,116.86487,2.2702703,15.546881
27.0,40.0,103.05,2.275,15.550372
28.0,40.0,98.025,2.05,15.578082
27.0,42.0,98.54762,2.0,15.598592
27.0,44.0,95.204544,2.0,15.598592
26.0,45.0,97.22222,2.0,15.598592
26.0,44.0,97.11364,2.0681818,15.591477
26.0,42.0,99.61905,1.9523809,15.613823
26.0,41.0,100.585365,2.0731707,15.602729
26.0,41.0,98.68293,2.0731707,15.597196
26.0,39.0,106.30769,2.102564,15.596423
26.0,40.0,102.2,2.15,15.589903
28.0,41.0,94.14634,2.195122,15.586957
25.0,43.0,98.27907,2.0697675,15.600698
27.0,42.0,94.90476,2.1666667,15.593641
28.0,40.0,97.55,2.15,15.59473
26.0,39.0,109.589745,2.2307692,15.588076
26.0,37.0,118.0,2.3513513,15.578113
27.0,36.0,119.75,2.3055556,15.575734
26.0,34.0,134.26471,2.4117646,15.566962
26.0,32.0,146.71875,2.3125,15.57842
26.0,33.0,146.0,2.2121212,15.592607
25.0,36.0,141.16667,2.25,15.58853
23.0,38.0,144.3421,2.2105262,15.587308
24.0,42.0,129.07143,2.2380953,15.589931
23.0,47.0,119.57447,2.212766,15.589931
25.0,50.0,107.28,2.22,15.585796
26.0,57.0,91.54386,2.1929824,15.585796
26.0,63.0,82.20635,2.1746032,15.585796
23.0,71.0,78.30986,2.1267605,15.589409
23.0,77.0,70.77922,2.142857,15.585347
25.0,78.0,64.29487,2.2051282,15.575862
26.0,81.0,56.148148,2.1975307,15.575862
25.0,80.0,56.5625,2.15,15.579633
24.0,78.0,57.833332,2.2051282,15.571538
24.0,74.0,59.405407,2.3243244,15.550763
24.0,69.0,62.420288,2.3913043,15.571754
24.0,59.0,72.79661,2.542373,15.560273
25.0,51.0,82.0,2.764706,15.562311
26.0,41.0,101.17073,2.7804878,15.560903
28.0,38.0,103.86842,2.8947368,15.562265
30.0,39.0,95.5641,2.9230769,15.559805
31.0,42.0,86.95238,2.6190476,15.568216
32.0,42.0,85.04762,2.5714285,15.566455
30.0,42.0,94.0,2.5952382,15.561332
31.0,42.0,92.190475,2.5,15.586477
31.0,40.0,98.5,2.6,15.581934
31.0,39.0,102.74359,2.6666667,15.578359
28.0,38.0,115.39474,2.7894738,15.57047
27.0,38.0,121.47369,2.8421052,15.568021
25.0,33.0,152.84848,3.1818182,15.550018
22.0,34.0,164.97058,2.9705882,15.552583
23.0,36.0,154.47223,2.9722223,15.549034
23.0,37.0,153.35135,2.891892,15.555844
22.0,43.0,137.51163,2.8139534,15.553412
23.0,51.0,113.86275,2.6862745,15.553412
24.0,56.0,101.14286,2.6607144,15.551353
24.0,59.0,92.9661,2.6101694,15.550778
25.0,61.0,86.81967,2.6393442,15.544074
22.0,64.0,88.765625,2.609375,15.544074
19.0,65.0,93.13846,2.6307693,15.540171
16.0,63.0,100.031746,2.5396826,15.543068
13.0,63.0,106.190475,2.5873015,15.536387
14.0,62.0,102.19355,2.3548386,15.575645
15.0,58.0,106.62069,2.5,15.558131
15.0,61.0,100.88525,2.409836,15.5625
13.0,60.0,107.15,2.5166667,15.548624
13.0,61.0,105.03278,2.2295082,15.565775
13.0,64.0,99.53125,2.3125,15.556735
15.0,65.0,92.52308,2.3384616,15.550274
15.0,65.0,91.38461,2.4,15.546584
14.0,64.0,94.1875,2.390625,15.54562
13.0,62.0,98.77419,2.2903225,15.552478
13.0,60.0,101.25,2.25,15.547506
14.0,56.0,105.67857,2.517857,15.522512
16.0,56.0,100.07143,2.5892856,15.5128765
16.0,54.0,104.22222,2.4814816,15.512301
18.0,53.0,100.90566,2.528302,15.506681
20.0,55.0,91.98182,2.509091,15.507576
22.0,54.0,88.0,2.6111112,15.496937
24.0,53.0,83.73585,2.6603773,15.493516
25.0,51.0,84.196075,2.4705882,15.527887
26.0,50.0,83.08,2.38,15.549442
23.0,49.0,94.408165,2.4489796,15.544736
24.0,45.0,100.53333,2.6666667,15.529771
24.0,39.0,114.20513,3.0,15.518426
24.0,32.0,138.375,3.09375,15.5185585
26.0,28.0,152.53572,3.25,15.538489
26.0,25.0,177.12,3.04,15.54717
26.0,24.0,184.91667,3.125,15.546264
26.0,22.0,209.59091,3.0454545,15.56899
26.0,21.0,220.95238,3.0952382,15.574475
28.0,20.0,226.15,3.2,15.578536
29.0,19.0,240.6842,3.4210527,15.573508
29.0,20.0,237.95,3.35,15.573508
29.0,22.0,224.54546,3.2272727,15.573508
30.0,24.0,206.625,3.125,15.573508
31.0,26.0,190.96153,3.0384614,15.573508
33.0,27.0,178.44444,2.7407408,15.583244
33.0,29.0,170.89655,2.689655,15.583244
33.0,31.0,163.93549,2.6451614,15.583244
33.0,31.0,162.96774,2.7096775,15.579489
33.0,30.0,167.56667,2.8,15.588152
29.0,30.0,186.8,2.8333333,15.585815
30.0,31.0,174.96774,2.8064516,15.585815
29.0,30.0,185.36667,2.8666666,15.581297
30.0,31.0,173.90323,2.8709676,15.578966
30.0,33.0,162.57576,2.878788,15.575221
32.0,35.0,148.8,2.8285713,15.570873
31.0,40.0,132.475,2.725,15.570873
29.0,47.0,117.25532,2.6170213,15.570873
28.0,54.0,105.51852,2.2962964,15.595902
28.0,61.0,90.62295,2.262295,15.595902
29.0,67.0,77.089554,2.238806,15.595902
27.0,69.0,75.72464,2.231884,15.5960455
26.0,74.0,69.08108,2.2162163,15.5960455
24.0,77.0,66.623375,2.2337663,15.592305
25.0,74.0,65.77027,2.3513513,15.572385
23.0,74.0,68.14865,2.4324324,15.561576
23.0,73.0,67.58904,2.3972602,15.556219
24.0,67.0,70.462685,2.3880596,15.559369
24.0,61.0,76.52459,2.4918032,15.55575
25.0,53.0,85.28302,2.7547169,15.538515
25.0,46.0,95.695656,2.8043478,15.560501
26.0,40.0,104.4,2.75,15.56315
28.0,37.0,106.97298,2.7567568,15.559445
26.0,36.0,121.111115,2.8333333,15.552978
26.0,30.0,145.46666,3.2666667,15.536947
26.0,27.0,167.22223,3.0,15.594138
28.0,28.0,155.78572,3.0357144,15.592554
28.0,29.0,150.03448,2.9310346,15.623018
28.0,30.0,144.46666,2.9666667,15.622804
29.0,32.0,134.5,2.90625,15.622804
30.0,32.0,133.4375,2.875,15.625689
31.0,33.0,123.878784,2.909091,15.6223755
28.0,34.0,132.05882,2.8823528,15.6223755
28.0,34.0,131.0,2.9117646,15.624355
29.0,35.0,121.6,2.857143,15.627579
29.0,37.0,117.51351,2.8108108,15.627579
29.0,37.0,116.297295,2.891892,15.625902
30.0,36.0,118.19444,2.7222223,15.652711
30.0,38.0,114.3421,2.5,15.658319
31.0,42.0,101.92857,2.2857144,15.678327
31.0,45.0,93.13333,2.3111112,15.675009
29.0,45.0,97.844444,2.4666667,15.665868
29.0,47.0,91.276596,2.4255319,15.669405
26.0,49.0,97.53061,2.3877552,15.666895
25.0,50.0,99.06,2.12,15.691046
25.0,48.0,103.979164,2.1875,15.689867
24.0,52.0,99.11539,2.1730769,15.689867
25.0,54.0,92.796295,2.2037036,15.684282
24.0,56.0,91.91071,2.2142856,15.6816635
26.0,55.0,87.8,2.1818182,15.682902
26.0,55.0,87.58182,2.1636364,15.679714
25.0,53.0,93.66038,2.2264152,15.675961
22.0,51.0,106.27451,2.3333333,15.6688175
22.0,49.0,111.12245,2.4693878,15.656716
21.0,45.0,125.77778,2.3555555,15.687648
22.0,48.0,115.604164,2.3333333,15.686062
21.0,50.0,114.9,2.16,15.717472
21.0,52.0,111.05769,1.8653846,15.746793
22.0,55.0,102.25455,1.9090909,15.744515
19.0,57.0,106.4386,1.9649123,15.739629
18.0,59.0,104.830505,2.0,15.73702
19.0,63.0,92.74603,2.0,15.749242
20.0,67.0,83.92538,2.0298507,15.745283
22.0,71.0,73.91549,2.084507,15.746213
19.0,70.0,80.41428,2.1571429,15.73396
16.0,65.0,92.56923,1.9384615,15.739276
15.0,62.0,98.90323,1.967742,15.726756
17.0,62.0,93.30645,2.016129,15.719679
19.0,58.0,94.10345,2.086207,15.714809
20.0,59.0,89.254234,2.118644,15.711237
20.0,56.0,93.78571,2.267857,15.697404
20.0,54.0,97.166664,2.3703704,15.687833
20.0,47.0,109.53191,2.2765958,15.691416
21.0,48.0,101.9375,2.375,15.68245
21.0,49.0,100.85714,2.142857,15.683532
21.0,51.0,94.31373,2.1764705,15.681322
23.0,47.0,97.106384,2.1914895,15.677111
24.0,47.0,94.893616,2.2340426,15.686985
24.0,48.0,90.1875,2.2291667,15.686985
24.0,47.0,92.55319,2.255319,15.687747
19.0,47.0,109.085106,2.2978723,15.684228
20.0,48.0,104.291664,2.3333333,15.682357
22.0,45.0,105.82222,2.2666667,15.680355
23.0,45.0,103.48889,2.3333333,15.689428
22.0,40.0,119.1,2.35,15.691225
24.0,38.0,119.97369,2.4736843,15.682799
23.0,38.0,126.289474,2.5,15.695425
23.0,39.0,121.23077,2.2307692,15.715126
23.0,39.0,119.71795,2.0,15.725196
24.0,41.0,108.21951,2.0,15.725196
23.0,44.0,105.681816,2.0454545,15.722023
21.0,48.0,104.3125,2.1041667,15.718944
19.0,53.0,97.73585,2.1132076,15.716754
20.0,55.0,91.67273,2.1818182,15.709541
21.0,57.0,83.26316,2.122807,15.735849
20.0,61.0,79.7377,2.1311476,15.733984
19.0,69.0,69.565216,2.115942,15.733984
19.0,74.0,63.351353,2.108108,15.733984
18.0,75.0,60.693333,2.1333334,15.7304945
17.0,71.0,64.8169,2.2816901,15.713173
15.0,67.0,71.8806,2.2686567,15.718821
15.0,63.0,73.07937,2.3333333,15.708926
16.0,59.0,75.08475,2.4067798,15.691836
18.0,54.0,76.68519,2.6851852,15.672353
18.0,51.0,81.70588,2.7058823,15.661741
18.0,49.0,86.32653,2.4489796,15.677243
18.0,47.0,91.23404,1.9574468,15.741202
19.0,48.0,87.0625,2.0416667,15.738811
20.0,49.0,82.85714,2.0,15.742492
20.0,52.0,78.23077,2.0,15.742492
20.0,51.0,79.72549,2.0392158,15.740658
21.0,52.0,75.19231,2.0384614,15.740658
21.0,49.0,80.244896,2.0,15.735886
20.0,47.0,87.59574,2.106383,15.72849
19.0,44.0,98.13636,2.2954545,15.722469
19.0,44.0,99.454544,2.409091,15.714786
19.0,44.0,100.75,2.340909,15.730219
18.0,45.0,103.0,2.288889,15.735154
20.0,44.0,99.954544,2.4318182,15.729061
19.0,43.0,107.04651,2.3255813,15.736208
20.0,44.0,102.52273,2.2727273,15.755386
21.0,47.0,93.55319,2.255319,15.755386
19.0,49.0,96.63265,2.3265307,15.753008
20.0,49.0,93.97959,2.3265307,15.752848
21.0,46.0,97.76087,2.3043478,15.765171
21.0,45.0,100.844444,2.3555555,15.760581
19.0,46.0,106.13043,2.4130435,15.765152
21.0,46.0,100.67391,2.4347825,15.759697
22.0,47.0,96.17021,2.468085,15.754176
20.0,48.0,101.1875,2.5208333,15.749291
19.0,47.0,107.680855,1.9361702,15.776659
19.0,50.0,98.94,2.02,15.770513
18.0,52.0,95.53846,2.0961537,15.7659445
20.0,54.0,86.68519,2.0925925,15.760515
20.0,56.0,83.53571,2.0892856,15.763174
19.0,60.0,80.05,2.0833333,15.76419
18.0,62.0,79.33871,2.1451614,15.756892
19.0,67.0,70.16418,2.1343284,15.756892
19.0,69.0,65.0,2.0289855,15.771589
19.0,69.0,63.884056,2.0869565,15.764063
18.0,69.0,62.52174,2.1449275,15.759213
16.0,66.0,68.5,2.2272727,15.75039
15.0,62.0,74.3871,2.2419355,15.7606735
14.0,63.0,74.666664,2.2698412,15.755217
15.0,56.0,81.35714,2.25,15.773292
16.0,54.0,81.72222,2.3148148,15.764724
17.0,50.0,86.1,1.96,15.7841015
19.0,46.0,88.54348,1.8913044,15.789506
18.0,43.0,99.558136,1.744186,15.792232
17.0,43.0,104.209305,1.7674419,15.801232
18.0,45.0,97.2,1.7777778,15.801232
19.0,44.0,97.318184,1.9090909,15.790948
20.0,46.0,91.0,1.9782609,15.785539
21.0,47.0,87.06383,1.9361702,15.782047
22.0,52.0,76.40385,1.9807693,15.779041
23.0,54.0,70.85185,2.0555556,15.772113
22.0,52.0,76.69231,2.0384614,15.788036
20.0,49.0,84.938774,2.0408163,15.783701
20.0,49.0,85.265305,2.0,15.782542
20.0,50.0,83.68,2.0,15.782542
21.0,48.0,84.75,2.0833333,15.776078
21.0,48.0,85.833336,2.25,15.766881
23.0,49.0,78.918365,2.3061225,15.761977
24.0,51.0,73.76471,2.2941177,15.758
24.0,55.0,68.854546,2.1818182,15.758526
23.0,56.0,70.80357,2.25,15.773556
24.0,58.0,65.48276,2.310345,15.772479
24.0,61.0,61.491802,2.2950819,15.772479
24.0,63.0,58.61905,2.2857144,15.78925
25.0,62.0,56.16129,2.3064516,15.795144
25.0,62.0,55.258064,2.3709676,15.787989
25.0,57.0,59.649124,2.5614035,15.771723
27.0,49.0,63.877552,2.1020408,15.791062
26.0,48.0,69.125,2.1458333,15.805429
25.0,41.0,86.34146,2.390244,15.787779
27.0,36.0,92.55556,2.3055556,15.802825
28.0,29.0,114.413795,2.1034484,15.804739
29.0,27.0,117.25926,2.2592592,15.803658
28.0,25.0,132.92,2.36,15.799581
29.0,23.0,145.13043,2.5652175,15.793114
31.0,21.0,153.19048,2.6666667,15.789348
32.0,20.0,155.0,2.55,15.797188
32.0,19.0,172.94737,2.5263157,15.798146
31.0,19.0,190.63158,2.5263157,15.798146
31.0,18.0,212.16667,2.6666667,15.798505
31.0,18.0,223.33333,2.6111112,15.799462
32.0,19.0,213.78947,2.5789473,15.799462
33.0,21.0,195.14285,2.5238094,15.799462
33.0,24.0,178.04167,2.4583333,15.799462
33.0,27.0,164.11111,2.4074075,15.799462
34.0,30.0,147.36667,2.3666666,15.799462
31.0,33.0,146.72728,2.3333333,15.799462
31.0,34.0,141.23529,2.1764705,15.815656
32.0,37.0,128.32433,2.162162,15.815656
31.0,40.0,124.4,2.15,15.815656
28.0,44.0,124.84091,2.1818182,15.820191
29.0,50.0,107.66,2.16,15.820191
29.0,55.0,98.01818,2.1454546,15.818752
27.0,58.0,97.94827,2.2068965,15.81319
21.0,61.0,105.22951,2.2786884,15.803279
21.0,66.0,94.28788,2.2727273,15.799821
20.0,69.0,89.04348,2.1594203,15.821673
20.0,74.0,81.52702,2.1486487,15.821673
19.0,75.0,80.986664,2.1866667,15.81356
20.0,79.0,73.22785,2.063291,15.832937
20.0,82.0,68.597565,2.109756,15.827392
19.0,79.0,71.582275,2.2025316,15.816
20.0,81.0,66.22222,2.2839506,15.80586
20.0,87.0,59.655174,2.275862,15.804142
21.0,86.0,56.73256,2.1976745,15.801889
20.0,84.0,58.083332,2.2857144,15.799352
22.0,84.0,52.57143,2.3333333,15.789876
21.0,85.0,51.6,2.282353,15.788298
20.0,79.0,55.531647,2.063291,15.837441
20.0,67.0,64.37313,2.1343284,15.8397665
20.0,63.0,67.46032,2.0952382,15.834112
19.0,62.0,70.0,2.016129,15.8423815
19.0,59.0,72.9661,2.0677967,15.834986
19.0,53.0,81.54717,2.0,15.833624
19.0,43.0,102.18604,2.1162791,15.817286
15.0,40.0,126.625,2.2,15.817497
16.0,38.0,131.8421,2.2631578,15.815972
18.0,40.0,119.85,2.275,15.81429
19.0,43.0,109.860466,2.0465117,15.822492
19.0,46.0,103.934784,2.0652175,15.822595
18.0,51.0,97.39216,2.0980392,15.819757
19.0,55.0,87.8,2.0727272,15.821882
20.0,60.0,77.61667,2.0666666,15.8256855
18.0,65.0,75.50769,2.0461538,15.829487
18.0,68.0,70.867645,2.0441177,15.829487
17.0,70.0,69.57143,1.9714285,15.833862
16.0,70.0,70.41428,2.057143,15.82536
16.0,73.0,66.246574,2.041096,15.834725
18.0,69.0,64.85507,2.0144928,15.838024
18.0,70.0,62.5,2.0714285,15.832089
17.0,64.0,69.953125,2.03125,15.834478
19.0,61.0,67.72131,1.9508197,15.845538
20.0,64.0,61.34375,1.96875,15.844152
20.0,61.0,64.0,2.0163934,15.838516
19.0,57.0,68.17544,1.9122807,15.853888
21.0,51.0,70.56863,1.7843137,15.855884
20.0,51.0,73.90196,1.7254902,15.852315
20.0,49.0,77.77551,1.8367347,15.845717
18.0,49.0,84.61224,1.8163265,15.85265
18.0,48.0,87.145836,1.9791666,15.849136
16.0,50.0,90.1,2.02,15.84635
16.0,50.0,90.8,2.04,15.840871
17.0,50.0,88.38,2.02,15.842982
19.0,51.0,80.92157,2.0,15.844156
20.0,51.0,78.31373,2.1176472,15.836953
18.0,53.0,81.20755,2.1698112,15.831689
18.0,51.0,84.76471,2.0980392,15.843706
17.0,49.0,91.63265,2.122449,15.840743
19.0,50.0,84.14,1.94,15.849507
20.0,46.0,89.32609,1.9782609,15.864645
21.0,44.0,91.02273,1.9318181,15.863636
21.0,40.0,101.875,2.1,15.855661
22.0,38.0,105.36842,2.2105262,15.84986
24.0,35.0,108.51428,2.3428571,15.845228
25.0,29.0,130.7931,2.3793104,15.839899
25.0,28.0,140.60715,2.5357144,15.834125
26.0,25.0,157.96,2.48,15.83431
27.0,25.0,158.28,2.52,15.833798
26.0,26.0,164.03847,2.5769231,15.833844
24.0,29.0,157.51724,2.5517242,15.832218
25.0,31.0,142.03226,2.419355,15.839231
23.0,34.0,141.70589,2.3823528,15.839231
23.0,36.0,136.52777,2.3611112,15.839231
22.0,40.0,128.775,2.325,15.839231
23.0,44.0,115.045456,2.2954545,15.839231
23.0,44.0,112.86364,2.3863637,15.833472
25.0,45.0,104.62222,2.4222221,15.831292
23.0,46.0,106.26087,2.4130435,15.831292
22.0,45.0,112.933334,2.4444444,15.833333
23.0,43.0,115.860466,2.5581396,15.83426
23.0,38.0,133.8421,2.8421052,15.824868
23.0,40.0,129.25,2.85,15.822974
24.0,41.0,124.34146,2.902439,15.818081
20.0,39.0,148.58974,2.7692308,15.831072
21.0,40.0,142.975,2.8,15.8280735
19.0,39.0,156.84616,2.6923077,15.830199
21.0,42.0,140.30952,2.6666667,15.828588
22.0,47.0,123.23404,2.5957446,15.828588
23.0,51.0,111.15686,2.4705882,15.844389
22.0,54.0,107.81481,2.4074075,15.84388
23.0,57.0,99.26316,2.4210527,15.840884
22.0,61.0,94.55738,2.3934426,15.840884
21.0,59.0,100.0,2.5084746,15.839217
21.0,63.0,93.0,2.4761906,15.838159
22.0,64.0,88.46875,2.59375,15.82677
22.0,67.0,83.731346,2.5074627,15.823934
21.0,72.0,78.916664,2.5277777,15.819357
20.0,74.0,77.62162,2.4324324,15.820428
19.0,83.0,67.60241,2.3975904,15.8188305
19.0,88.0,61.81818,2.375,15.820351
19.0,92.0,56.95652,2.4130435,15.812825
16.0,93.0,58.924732,2.3978496,15.808976
16.0,95.0,55.28421,2.4105263,15.815473
16.0,96.0,52.197918,2.4375,15.808795
16.0,95.0,48.71579,2.5263157,15.797054
15.0,89.0,51.617977,2.550562,15.790047
16.0,89.0,48.07865,2.6741574,15.774762
16.0,83.0,49.79518,2.7228916,15.760282
16.0,80.0,50.125,2.8125,15.761879
17.0,74.0,51.01351,2.8513513,15.761712
15.0,68.0,58.85294,2.9117646,15.752821
14.0,67.0,61.0,2.8208954,15.759055
15.0,69.0,55.898552,2.8550725,15.753553
16.0,64.0,57.25,2.671875,15.777897
17.0,59.0,59.23729,2.8305085,15.764219
18.0,55.0,60.963634,3.0181818,15.767324
20.0,54.0,56.537037,3.0555556,15.763046
21.0,51.0,57.333332,3.137255,15.762563
22.0,47.0,59.723404,3.0851064,15.779607
23.0,44.0,61.659092,3.2272727,15.771088
24.0,42.0,62.595238,3.4285715,15.764909
25.0,40.0,59.975,3.425,15.766685
25.0,40.0,58.225,3.275,15.766543
27.0,35.0,60.885715,3.4857142,15.762358
28.0,31.0,63.48387,3.7419355,15.757919
29.0,29.0,62.37931,3.9655173,15.760486
30.0,28.0,64.35714,4.0,15.762984
30.0,26.0,69.30769,4.1538463,15.763637
30.0,25.0,72.36,4.4,15.759547
32.0,25.0,66.64,4.48,15.756977
34.0,21.0,73.90476,4.857143,15.761178
34.0,19.0,83.8421,5.1578946,15.759201
34.0,19.0,85.73684,5.1578946,15.759201
34.0,19.0,87.63158,5.1578946,15.759201
35.0,18.0,86.77778,5.4444447,15.756373
37.0,14.0,106.07143,6.785714,15.751116
37.0,15.0,113.86667,5.9333334,15.771129
36.0,16.0,129.875,5.8125,15.768827
35.0,16.0,152.5625,5.625,15.778856
35.0,17.0,146.82353,5.4117646,15.778856
36.0,18.0,133.0,5.2222223,15.778856
37.0,18.0,127.0,5.2222223,15.778856
38.0,18.0,129.33333,5.2222223,15.778856
37.0,18.0,140.0,5.2222223,15.778856
38.0,18.0,142.33333,5.2222223,15.778856
38.0,17.0,162.64706,5.529412,15.783111
35.0,16.0,204.5,5.6875,15.787887
37.0,14.0,227.71428,5.857143,15.792977
38.0,13.0,251.6923,6.3846154,15.788895
36.0,14.0,271.0,6.071429,15.788895
37.0,15.0,257.33334,5.8,15.788895
39.0,15.0,251.93333,5.9333334,15.793925
40.0,16.0,239.9375,5.6875,15.793925
40.0,18.0,224.61111,5.2777777,15.793925
39.0,20.0,219.25,4.95,15.793925
39.0,22.0,207.54546,4.681818,15.793925
40.0,25.0,183.36,4.36,15.793925
40.0,28.0,169.07143,4.107143,15.793925
38.0,30.0,172.23334,3.9666667,15.793925
38.0,32.0,160.59375,3.84375,15.793925
38.0,34.0,149.94118,3.735294,15.793925
35.0,35.0,156.97144,3.6857142,15.793925
35.0,35.0,159.54286,3.6857142,15.793925
34.0,34.0,167.44118,3.8529413,15.788537
34.0,37.0,152.40541,3.7027028,15.788537
35.0,36.0,155.47223,3.7222223,15.785303
36.0,38.0,146.3158,3.7631578,15.778678
37.0,39.0,141.38461,3.8461537,15.772062
37.0,41.0,136.53659,3.2682927,15.788622
36.0,44.0,132.04546,3.0681818,15.78946
37.0,48.0,118.916664,2.9791667,15.788733
34.0,53.0,116.471695,2.8867924,15.788733
33.0,55.0,114.8,2.8909092,15.785919
31.0,56.0,117.85714,2.9107144,15.7816
30.0,59.0,113.932205,2.8983052,15.778791
31.0,61.0,107.03278,2.9016395,15.776244
29.0,62.0,109.40323,2.935484,15.772195
26.0,66.0,108.681816,2.909091,15.769391
27.0,68.0,102.661766,2.8823528,15.758575
28.0,69.0,97.91304,2.7391305,15.764019
26.0,73.0,93.26028,2.7534246,15.758173
25.0,76.0,88.052635,2.7368422,15.756224
24.0,78.0,84.371796,2.7051282,15.758612
26.0,79.0,77.74683,2.670886,15.759316
26.0,80.0,74.9875,2.725,15.752004
24.0,84.0,73.14286,2.7380953,15.745478
23.0,85.0,70.17647,2.764706,15.740253
25.0,87.0,63.264366,2.816092,15.734399
25.0,85.0,60.882355,2.8705883,15.726313
23.0,85.0,62.35294,2.7882352,15.730453
21.0,82.0,64.54878,2.9268293,15.718028
18.0,77.0,73.03896,3.012987,15.710661
20.0,73.0,71.61644,2.7260275,15.731713
21.0,72.0,69.22222,2.8194444,15.722095
22.0,72.0,65.875,2.625,15.745153
23.0,71.0,63.46479,2.6056337,15.74293
24.0,69.0,62.101448,2.3623188,15.772323
23.0,61.0,71.96722,2.4918032,15.7694845
24.0,59.0,71.37288,2.6271186,15.760335
24.0,60.0,69.7,2.5166667,15.776736
21.0,63.0,70.46032,2.4920635,15.783181
20.0,57.0,80.4386,2.6666667,15.77483
20.0,56.0,82.05357,2.732143,15.774413
18.0,52.0,94.75,2.7884614,15.772349
18.0,53.0,92.84906,2.8113208,15.770644
19.0,53.0,90.45283,2.8113208,15.770121
21.0,56.0,80.21429,2.6964285,15.787581
21.0,57.0,78.50877,2.7368422,15.782914
20.0,56.0,82.5,2.625,15.797942
21.0,52.0,86.11539,2.6346154,15.788722
22.0,55.0,75.87273,2.5454545,15.793284
21.0,56.0,77.05357,2.517857,15.793639
21.0,56.0,76.85714,2.392857,15.809059
19.0,55.0,83.6,2.5454545,15.80075
20.0,56.0,79.0,2.5714285,15.797801
19.0,59.0,77.067795,2.5762713,15.795352
19.0,59.0,73.98305,2.440678,15.803745
19.0,58.0,74.77586,2.5344827,15.797655
20.0,52.0,80.98077,2.5192308,15.798805
19.0,52.0,84.26923,2.6346154,15.792538
20.0,53.0,79.886795,2.490566,15.799354
17.0,51.0,92.21568,2.490196,15.807005
17.0,52.0,90.86539,2.4230769,15.810871
16.0,51.0,96.01961,2.372549,15.822961
17.0,52.0,91.5,2.4230769,15.824535
18.0,51.0,90.54902,2.3529413,15.831352
18.0,52.0,89.28846,2.4423077,15.826034
18.0,51.0,91.588234,2.509804,15.820519
19.0,49.0,89.85714,2.5918367,15.824895
20.0,54.0,79.07407,2.4444444,15.834568
18.0,55.0,80.454544,2.5454545,15.827289
18.0,57.0,74.63158,2.5438597,15.825111
19.0,55.0,71.854546,2.5454545,15.826804
19.0,52.0,76.42308,2.4807692,15.825092
20.0,51.0,75.78432,2.6470587,15.816216
21.0,53.0,70.113205,2.5849056,15.819946
19.0,51.0,79.01961,2.7058823,15.813206
19.0,50.0,80.92,2.8,15.807456
20.0,49.0,77.02041,2.7346938,15.81201
21.0,43.0,85.83721,2.8139534,15.815023
21.0,42.0,89.28571,2.9285715,15.810956
22.0,40.0,91.775,3.075,15.804497
23.0,36.0,101.02778,3.0277777,15.798682
23.0,38.0,97.97369,2.9736843,15.798682
23.0,38.0,100.6579,3.0526316,15.793953
25.0,40.0,90.3,3.0,15.791128
24.0,43.0,89.04651,2.9767442,15.790448
26.0,42.0,85.78571,3.0714285,15.786219
28.0,39.0,86.51282,2.1794872,15.851582
28.0,39.0,88.53846,2.2564104,15.8470335
29.0,41.0,82.19512,2.2439024,15.8470335
31.0,42.0,74.38095,2.2380953,15.8470335
29.0,43.0,81.30232,2.3488371,15.840583
29.0,44.0,80.795456,2.4318182,15.835317
28.0,42.0,86.690475,2.5952382,15.825812
28.0,43.0,86.48837,2.6744187,15.821861
29.0,47.0,77.25532,2.5531914,15.829942
29.0,50.0,73.28,2.54,15.827361
30.0,54.0,65.42593,2.425926,15.834704
27.0,58.0,66.034485,2.413793,15.831157
28.0,62.0,58.725807,2.3387096,15.840145
24.0,66.0,63.348484,2.3181818,15.838249
23.0,65.0,65.6,2.4153845,15.830877
22.0,66.0,65.818184,2.469697,15.82951
19.0,64.0,74.15625,2.453125,15.832851
20.0,65.0,69.56923,2.3692307,15.834338
21.0,61.0,71.016396,2.4590163,15.838671
17.0,56.0,87.83929,2.5892856,15.830529
18.0,52.0,91.98077,2.5576923,15.831973
19.0,50.0,93.52,2.68,15.823826
21.0,50.0,88.3,2.66,15.830699
21.0,48.0,89.833336,2.4791667,15.832336
22.0,50.0,83.48,2.46,15.832336
23.0,49.0,83.061226,2.5306122,15.830387
25.0,52.0,72.65385,2.5,15.830387
22.0,54.0,78.611115,2.4444444,15.827405
24.0,57.0,68.947365,2.4385965,15.825776
24.0,61.0,63.934425,2.442623,15.823193
20.0,61.0,73.196724,2.5245903,15.81712
20.0,62.0,71.3871,2.3064516,15.83655
18.0,64.0,73.09375,2.359375,15.830476
20.0,60.0,72.683334,2.15,15.8450575
19.0,57.0,79.08772,2.2105262,15.841718
18.0,60.0,77.083336,2.2333333,15.839146
19.0,61.0,70.09836,2.262295,15.836812
21.0,61.0,64.47541,2.0163934,15.851387
21.0,60.0,64.8,2.0666666,15.848176
21.0,55.0,70.527275,2.090909,15.8479185
20.0,49.0,82.918365,2.142857,15.844665
19.0,49.0,86.63265,2.2653062,15.837934
20.0,45.0,92.04444,2.2,15.8351
20.0,48.0,87.354164,2.1458333,15.833529
19.0,49.0,89.38776,2.1836734,15.834588
21.0,50.0,82.0,1.84,15.853716
21.0,52.0,79.28846,1.9230769,15.849553
19.0,52.0,85.57692,2.0,15.848051
18.0,54.0,85.12963,2.0185184,15.846443
18.0,56.0,81.875,2.0357144,15.846714
19.0,55.0,80.56364,2.1272728,15.838883
20.0,57.0,74.73684,2.0877192,15.844315
20.0,56.0,76.01786,2.1785715,15.842857
21.0,54.0,76.12963,2.2407408,15.839298
23.0,54.0,70.666664,2.3148148,15.834269
23.0,55.0,69.4,2.1818182,15.836916
24.0,58.0,63.13793,2.2068965,15.832594
22.0,56.0,70.66071,2.3035715,15.831623
23.0,53.0,72.07547,2.0566037,15.853051
24.0,53.0,69.37736,2.1320755,15.84943
25.0,55.0,63.81818,2.1272728,15.84943
24.0,53.0,66.169815,2.1886792,15.84814
24.0,52.0,67.38461,2.2692308,15.844724
26.0,45.0,72.08889,2.4444444,15.832908
26.0,45.0,73.08889,2.488889,15.829969
26.0,39.0,86.84615,2.3846154,15.832601
23.0,40.0,97.8,2.425,15.830556
20.0,37.0,120.5946,2.6486487,15.825202
22.0,37.0,115.64865,2.5945945,15.826288
23.0,37.0,114.37838,2.5675676,15.82433
22.0,39.0,114.666664,2.5897436,15.822756
22.0,41.0,110.95122,2.4146342,15.827872
23.0,44.0,101.22727,2.3863637,15.827872
24.0,45.0,96.46667,2.3777778,15.827872
24.0,46.0,95.152176,2.4130435,15.825375
23.0,48.0,91.833336,2.4375,15.823109
24.0,46.0,93.63043,2.4565217,15.823272
22.0,46.0,97.78261,2.5,15.819438
24.0,43.0,99.11628,2.6976745,15.811134
26.0,39.0,103.82051,2.974359,15.80216
26.0,35.0,118.57143,3.142857,15.803305
28.0,33.0,119.969696,3.1515152,15.806836
29.0,33.0,113.969696,3.1515152,15.806836
28.0,29.0,134.24138,3.1724138,15.8104515
29.0,28.0,138.57143,3.2857144,15.808204
29.0,24.0,168.25,3.4583333,15.802885
30.0,24.0,169.125,3.25,15.814874
32.0,24.0,163.70833,3.3333333,15.812214
33.0,22.0,180.22728,2.909091,15.821258
34.0,23.0,173.60869,2.9130435,15.823812
35.0,25.0,160.24,2.84,15.823812
35.0,29.0,138.13792,2.724138,15.823812
34.0,33.0,125.27273,2.6363637,15.823812
35.0,38.0,107.57895,2.5526316,15.823812
35.0,43.0,96.81396,2.488372,15.823812
34.0,46.0,91.478264,2.4565217,15.823812
33.0,49.0,86.36735,2.4285715,15.823812
31.0,52.0,87.5,2.4423077,15.821339
29.0,52.0,90.26923,2.4615386,15.819552
29.0,50.0,90.98,2.56,15.8143835
27.0,48.0,98.5,2.5625,15.810404
28.0,45.0,99.73333,2.6,15.813127
30.0,41.0,103.92683,2.804878,15.809242
31.0,40.0,104.5,2.875,15.805461
31.0,37.0,115.97298,2.9729729,15.802273
30.0,32.0,142.9375,2.84375,15.81094
30.0,35.0,133.77142,2.7714286,15.81094
31.0,39.0,118.53846,2.6923077,15.81094
31.0,44.0,106.61364,2.6136363,15.81094
32.0,49.0,93.67347,2.5918367,15.80826
33.0,53.0,84.09434,2.5849056,15.806034
32.0,54.0,85.37037,2.5555556,15.803175
33.0,57.0,78.0,2.5263157,15.804126
32.0,62.0,73.741936,2.548387,15.79923
31.0,66.0,70.59091,2.5151515,15.798368
29.0,67.0,72.68657,2.522388,15.796829
29.0,65.0,74.12308,2.476923,15.802036
26.0,61.0,85.85246,2.5737705,15.796702
26.0,59.0,88.169495,2.7118645,15.791018
26.0,56.0,92.67857,2.875,15.784491
26.0,54.0,96.14815,2.8703704,15.786984
26.0,51.0,102.4902,2.8431373,15.781651
27.0,52.0,98.07692,2.9038463,15.776179
27.0,51.0,100.15686,2.8235295,15.789131
26.0,48.0,110.104164,2.9375,15.787077
26.0,48.0,111.208336,3.0625,15.781663
26.0,48.0,111.979164,2.9791667,15.77845
26.0,49.0,110.46939,3.0612245,15.772554
25.0,50.0,108.7,2.9,15.787872
24.0,48.0,117.1875,2.6666667,15.792132
24.0,47.0,120.85107,2.787234,15.786559
24.0,51.0,111.72549,2.72549,15.786559
23.0,56.0,104.33929,2.6607144,15.786559
25.0,59.0,93.49152,2.661017,15.784152
24.0,61.0,92.36066,2.672131,15.779835
23.0,62.0,90.03226,2.6935484,15.77971
20.0,60.0,97.416664,2.6666667,15.783025
18.0,59.0,103.694916,2.79661,15.774316
20.0,60.0,96.48333,2.85,15.769573
21.0,59.0,95.50848,2.7118645,15.768325
22.0,60.0,88.61667,2.4833333,15.78806
21.0,65.0,83.753845,2.5076923,15.781375
22.0,67.0,78.25373,2.5522387,15.774922
22.0,70.0,73.814285,2.6142857,15.768873
21.0,74.0,70.5,2.5810812,15.767869
20.0,77.0,68.33766,2.6493506,15.759452
20.0,79.0,64.83544,2.4683545,15.77326
19.0,83.0,59.843372,2.4457831,15.779986
21.0,86.0,52.279068,2.4767442,15.773952
22.0,84.0,49.892857,2.4642856,15.769671
21.0,83.0,50.614456,2.566265,15.759243
22.0,80.0,48.825,2.3375,15.802197
19.0,76.0,53.407894,2.3026316,15.798024
19.0,68.0,58.5,2.4705882,15.7844
19.0,63.0,62.396824,2.5714285,15.777729
18.0,56.0,72.78571,2.6964285,15.771347
17.0,53.0,79.92453,2.7924528,15.770506
19.0,46.0,86.934784,3.0434783,15.766166
20.0,46.0,85.08696,2.9347825,15.764412
19.0,47.0,87.6383,2.8085105,15.773261
21.0,44.0,88.47727,2.8181818,15.771001
20.0,46.0,88.86957,2.8043478,15.769749
21.0,46.0,86.26087,2.826087,15.768063
22.0,48.0,80.25,2.8333333,15.766377
22.0,48.0,80.791664,2.8125,15.766262
20.0,47.0,89.61702,2.9148936,15.761812
20.0,41.0,104.585365,2.7317073,15.781217
20.0,43.0,101.139534,2.6744187,15.783427
19.0,44.0,103.65909,2.409091,15.805579
21.0,44.0,98.295456,2.409091,15.8033285
22.0,46.0,91.67391,2.3913043,15.801858
23.0,46.0,89.08696,2.4347825,15.803629
24.0,45.0,88.71111,2.3555555,15.807169
25.0,44.0,88.318184,2.4545455,15.804014
25.0,44.0,89.545456,2.340909,15.806041
27.0,43.0,86.25581,2.4186046,15.804483
27.0,44.0,85.5,2.4545455,15.8021555
26.0,40.0,99.525,2.45,15.802325
27.0,38.0,102.97369,2.3947368,15.806285
27.0,34.0,118.17647,2.5588236,15.805161
28.0,34.0,116.588234,2.5588236,15.805161
29.0,29.0,136.44827,2.9310346,15.811601
31.0,25.0,152.72,2.72,15.831723
32.0,23.0,167.26086,2.347826,15.844487
34.0,21.0,177.57143,2.4761906,15.842658
35.0,20.0,188.6,2.6,15.841226
35.0,21.0,181.09525,2.5714285,15.841226
35.0,23.0,166.39131,2.5217392,15.841226
36.0,21.0,184.14285,2.0952382,15.850749
31.0,23.0,201.78261,2.0869565,15.850749
31.0,24.0,193.91667,2.0833333,15.850749
32.0,25.0,186.44,2.08,15.850749
32.0,27.0,172.62962,2.074074,15.850749
32.0,30.0,154.96666,2.0666666,15.850749
31.0,32.0,149.28125,2.0625,15.854207
31.0,35.0,135.31429,2.057143,15.854207
32.0,38.0,123.07895,2.0526316,15.854207
31.0,38.0,129.5,2.1052632,15.851059
29.0,37.0,143.43243,2.2162163,15.847059
29.0,38.0,141.73685,2.2105262,15.847059
28.0,39.0,144.0,2.2307692,15.845594
30.0,38.0,142.1842,2.3157895,15.842027
28.0,39.0,148.07692,2.3076923,15.842027
26.0,42.0,146.2381,2.2857144,15.842027
28.0,43.0,137.37209,2.372093,15.838035
30.0,41.0,138.90244,2.2195122,15.846318
32.0,42.0,130.16667,2.1904762,15.8455305
32.0,46.0,119.891304,2.173913,15.8455305
29.0,48.0,124.958336,2.0208333,15.851536
29.0,53.0,113.62264,1.9433962,15.866496
29.0,58.0,103.98276,1.9137931,15.869565
30.0,65.0,89.86154,1.9538461,15.867036
31.0,69.0,81.4058,1.9855072,15.863685
28.0,71.0,82.43662,1.9859155,15.868085
27.0,73.0,78.630135,1.9589041,15.8672905
28.0,76.0,72.01316,1.9078947,15.876913
26.0,80.0,70.2125,1.9125,15.876913
25.0,81.0,67.34568,1.9506173,15.872929
25.0,74.0,69.95946,1.8918918,15.877573
24.0,68.0,76.92647,1.9117647,15.872219
23.0,59.0,90.77966,2.0508475,15.862098
25.0,52.0,97.59615,2.1923077,15.8515625
22.0,50.0,110.68,2.32,15.845326
24.0,45.0,117.44444,2.088889,15.865753
26.0,40.0,126.65,2.275,15.866976
27.0,37.0,135.56757,2.3783784,15.860807
28.0,41.0,120.65854,2.3414633,15.860807
26.0,45.0,114.86667,2.3333333,15.863178
26.0,48.0,108.729164,2.3541667,15.862605
25.0,53.0,101.603775,2.3207548,15.862605
25.0,57.0,91.59649,2.2982457,15.862605
25.0,60.0,86.35,2.2833333,15.862605
23.0,62.0,85.19355,2.2419355,15.867044
24.0,65.0,78.215385,2.323077,15.860202
25.0,70.0,69.542854,2.3428571,15.859631
24.0,74.0,64.60811,2.2297297,15.861187
23.0,76.0,61.43421,2.2894738,15.857532
21.0,77.0,61.03896,2.3766234,15.850952
23.0,78.0,54.653847,2.2435896,15.867364
22.0,77.0,55.597404,2.2077923,15.870637
22.0,78.0,53.141026,2.2820513,15.86487
22.0,80.0,50.0,2.3125,15.861587
23.0,73.0,51.328766,2.1369863,15.87289
24.0,67.0,52.671642,2.2537313,15.868498
23.0,58.0,63.03448,2.5,15.851329
20.0,54.0,75.85185,2.6851852,15.8483715
21.0,50.0,79.3,2.78,15.842727
20.0,47.0,88.106384,2.531915,15.8496895
19.0,40.0,109.425,2.8,15.841257
20.0,35.0,123.62857,2.9142857,15.843486
22.0,35.0,117.85714,2.857143,15.848473
24.0,34.0,115.85294,2.7058823,15.848772
21.0,36.0,124.861115,2.5,15.863655
20.0,36.0,132.19444,2.4722223,15.864152
19.0,33.0,152.51515,2.1818182,15.888363
21.0,35.0,138.14285,2.1714287,15.888363
22.0,38.0,125.710526,2.1578948,15.888363
22.0,39.0,124.5641,2.2051282,15.886738
23.0,41.0,116.46342,2.195122,15.886738
25.0,42.0,108.21429,2.2857144,15.8822565
26.0,42.0,105.78571,2.2857144,15.8822565
25.0,41.0,113.70731,2.292683,15.879424
25.0,41.0,115.756096,2.390244,15.874768
25.0,43.0,111.93023,2.4186046,15.872944
26.0,43.0,110.06977,2.4418604,15.870352
28.0,43.0,104.790695,2.2790697,15.874358
29.0,45.0,97.977776,2.3111112,15.872332
26.147522,48.46822,130.11221,2.3853989,15.025582
